0.637382
1.10159
0.631627
0.849001
0.710003
0.809064
0.839573
0.590645
0.588257
0.561491
0.527662
0.531227
0.551743
0.589703
0.298922
0.386628
0.491064
0.288375
0.253093
0.112505
0.209404
0.276531
0.28448
0.201885
0.292172
0.117316
0.0662176
0.135771
0.198394
0.131166
0.155422
0.088414
0.0494561
0.0394331
0.0490427
0.00707013
0.0256684
0.033239
0.065149
0.030209
0.0231713
0.0183014
0.0439241
0.0651457
0.0521889
0.00443959
0.00351371
0.0176029
0.00613009
0.0328251
0.0655463
0.111121
0.103498
0.0368321
0.0706847
0.0321394
0.0359678
0.0744255
0.106983
0.0755528
0.115431
0.114239
0.113009
0.115796
0.104795
0.0746484
0.092159
0.0823461
0.104488
0.107026
0.130992
0.147359
0.157537
0.157592
0.158102
0.156853
0.144226
0.137521
0.126438
0.0729174
0.0737232
0.099428
0.125101
0.121986
0.0953328
0.097112
0.112309
0.0806144
0.0795842
0.0703342
0.0436405
0.0511699
0.0328775
0.0353967
0.0421087
0.0481308
0.0404334
0.0503343
0.0352814
0.0406188
0.0590271
0.0503697
0.0541407
0.0683758
0.0821904
0.0735233
0.0825531
0.0888466
0.100582
0.0893772
0.110447
0.11536
0.121195
0.136305
0.135569
0.153341
0.170663
0.180754
0.157772
0.161661
0.132372
0.134113
0.118633
0.112872
0.108422
0.0993821
0.0999432
0.107303
0.114097
0.128488
0.135899
0.134783
0.144908
0.121184
0.118242
0.114503
0.10596
0.105639
0.105516
0.107645
0.100244
0.103398
0.118804
0.12107
0.123046
0.135588
0.142826
0.141898
0.129451
0.144962
0.150105
0.151103
0.161282
0.162143
0.147247
0.154029
0.146194
0.156793
0.138684
0.149141
0.153941
0.147817
0.150433
0.147766
0.146701
0.159813
0.15072
0.136072
0.149849
0.152452
0.147538
0.117439
0.121953
0.135149
0.139151
0.132031
0.128546
0.138269
0.121434
0.115261
0.0991144
0.0787244
0.0867722
0.0825464
0.0703206
0.0746487
0.0694403
0.0619532
0.0477894
0.028169
0.028081
0.0284131
0.0346992
0.0375307
0.0334875
0.0340502
0.0272834
0.0329894
0.033294
0.0338218
0.0406076
0.0392709
0.0374714
0.0379809
0.0353965
0.0427641
0.0460832
0.0562687
0.0571344
0.0682562
0.058222
0.0547718
0.0658774
0.0594607
0.0663168
0.0610171
0.0456631
0.0553019
0.0649621
0.0522798
0.04876
0.0563854
0.0643082
0.0699753
0.0689332
0.0782917
0.0878942
0.0976767
0.106179
0.115153
0.108861
0.109744
0.0986068
0.10275
0.10038
0.0995419
0.0888554
0.091464
0.0969863
0.102285
0.103916
0.106616
0.108402
0.106597
0.104849
0.112325
0.103264
0.106584
0.103657
0.0969898
0.100845
0.106734
0.0992375
0.0940821
0.10017
0.094189
0.101221
0.1022
0.110092
0.0985572
0.0914594
0.0937105
0.0913276
0.0998651
0.0894425
0.0883769
0.0903085
0.0880587
0.0917572
0.0872435
0.0804208
0.075991
0.0753789
0.0813294
0.0778331
0.0790667
0.0764655
0.0772119
0.0773199
0.0858887
0.0922787
0.0899949
0.0840536
0.0812757
0.0896621
0.0876984
0.0889441
0.0914009
0.0952766
0.100644
0.0997615
0.0883443
0.096318
0.0836736
0.0859223
0.07531
0.0733629
0.0706638
0.0564457
0.0561841
0.0639303
0.0649608
0.0676566
0.0716309
0.0778591
0.0753002
0.0824037
0.0701471
0.0725206
0.0783654
0.0839431
0.0833637
0.0738389
0.0749281
0.0616095
0.0631863
0.0558831
0.0550385
0.0566023
0.0583622
0.0604223
0.0671897
0.0728653
0.0746338
0.0763355
0.0684844
0.0674412
0.0700284
0.0724851
0.0743517
0.0719608
0.0738752
0.075678
0.0753842
0.0755485
0.0823861
0.0800292
0.0798264
0.0834314
0.0847539
0.0817596
0.0840976
0.087215
0.0812187
0.0846464
0.0908802
0.0934748
0.0847007
0.0865655
0.0860628
0.0860321
0.0823779
0.0844611
0.0785716
0.0658402
0.0687718
0.0748825
0.0813462
0.077582
0.0812421
0.077569
0.0835152
0.0859363
0.091108
0.0969835
0.095139
0.0878212
0.0816813
0.0741023
0.0758975
0.0775937
0.0754082
0.0792106
0.0847292
0.0713977
0.0697819
0.0656423
0.0600507
0.0645296
0.0643799
0.0662468
0.0626692
0.0592649
0.0610361
0.0603984
0.06302
0.0681046
0.071647
0.074565
0.0741862
0.0755974
0.0764234
0.0773562
0.0788286
0.079084
0.0808348
0.0795852
0.0790472
0.0810694
0.0826766
0.0879694
0.0835645
0.080832
0.0807926
0.0793052
0.0729544
0.0788945
0.0814646
0.0828348
0.0875552
0.0890716
0.0897415
0.0941713
0.0956434
0.0962256
0.101978
0.105988
0.108275
0.112201
0.114016
0.113762
0.108071
0.104972
0.10914
0.110954
0.108386
0.108238
0.10378
0.105847
0.10721
0.10618
0.104819
0.10159
0.102378
0.106115
0.101573
0.0913142
0.0932316
0.089281
0.0942208
0.0921094
0.0853171
0.0857159
0.0870408
0.0872611
0.087732
0.0873654
0.0898563
0.0915572
0.0922923
0.0931755
0.0945559
0.0867155
0.0833776
0.0830265
0.0826718
0.0840954
0.0834439
0.0789331
0.0770409
0.0756586
0.0801779
0.0819557
0.0768002
0.0709476
0.0654796
0.0630226
0.0602668
0.0632676
0.0635915
0.0679191
0.0696343
0.0704125
0.0705122
0.0673814
0.0713823
0.0678551
0.0674684
0.0692725
0.0696126
0.0722659
0.0747515
0.0772521
0.0714919
0.0716615
0.0734556
0.0719259
0.0737699
0.0755254
0.0767854
0.0799922
0.0805617
0.0823778
0.0828375
0.0754079
0.0750972
0.0787095
0.0781143
0.0783124
0.0785039
0.0815914
0.0785923
0.0775416
0.0789398
0.0772723
0.0781433
0.075097
0.0738295
0.0746894
0.07137
0.0647072
0.0585511
0.0626089
0.0668249
0.064263
0.0610503
0.0611108
0.0596255
0.0639724
0.0586584
0.0604946
0.052348
0.0521545
0.0523908
0.0507623
0.0421361
0.0432569
0.0439418
0.0392555
0.0405622
0.043848
0.0416399
0.0382756
0.0378893
0.0395659
0.0414228
0.0421814
0.0447645
0.0421698
0.0448838
0.0440087
0.0441342
0.0472278
0.0516116
0.0468648
0.0476937
0.0488242
0.0509576
0.0495947
0.0490755
0.0460461
0.0440029
0.042381
0.0462215
0.0453996
0.047866
0.0449519
0.0439694
0.0426713
0.0463531
0.0419721
0.0436348
0.0465858
0.0449256
0.0462441
0.0466107
0.0497551
0.050766
0.0534569
0.0562281
0.0575327
0.0592602
0.0594714
0.0549618
0.0589371
0.0586242
0.059785
0.0534808
0.0466683
0.0461964
0.0477792
0.0441919
0.0446154
0.0425275
0.0421719
0.0392683
0.0429052
0.0433217
0.0419965
0.0367131
0.0397343
0.0393357
0.0354534
0.0352189
0.0291622
0.0295382
0.0298134
0.0281955
0.0210531
0.0217676
0.0228257
0.0216031
0.018031
0.0216519
0.0162353
0.0164867
0.0154236
0.0175443
0.0184098
0.0182243
0.0200913
0.0227544
0.022307
0.0192397
0.0166617
0.0173752
0.015935
0.0193831
0.014889
0.0154209
0.0144884
0.0146528
0.0159114
0.0171018
0.0123915
0.0103323
0.00814557
0.00346825
0.00352647
0.00432183
0.000691963
0.000814048
6.70089e-05
0.00178729
0.003311
0.00431204
0.00684875
0.00905929
0.0015593
0.00498333
0.00590574
0.0078627
0.00533835
0.00855322
0.00770701
0.00274609
0.00325077
0.00435247
0.00419918
0.00102602
0.00334505
0.00296638
0.00166944
0.00205604
0.00123081
0.00078693
0.000761327
0.00263059
0.00353518
0.00524575
0.000205879
0.00276396
0.00157376
0.00265157
0.00575876
0.00505531
0.00621971
0.00457965
0.00483836
0.000651884
0.00165766
0.000558774
0.00145392
0.00415115
0.0049514
0.00133706
0.00157826
0.00729052
0.00776951
0.00500071
0.00382316
0.00295024
0.00293561
0.000466162
0.00185629
0.00268106
0.00355769
0.00412108
0.00213827
0.00303655
0.00417402
0.00687138
0.00669432
0.00803386
0.00862809
0.00863561
0.00852855
0.0117283
0.00978073
0.0109896
0.0119876
0.0122943
0.0125122
0.0119334
0.0125587
0.0107576
0.0110867
0.0123959
0.0122519
0.0106457
0.00794119
0.00910169
0.00947398
0.00697989
0.00827064
0.00959158
0.0100634
0.0127276
0.0152757
0.0128369
0.0113625
0.0118438
0.0123616
0.014886
0.0167332
0.0162449
0.0115385
0.0120558
0.0146968
0.0149992
0.010562
0.0106954
0.00849285
0.00631518
0.0094785
0.00931416
0.0103073
0.00785839
0.00973161
0.011041
0.013872
0.0164382
0.014929
0.0165562
0.0180259
0.0191033
0.0183045
0.0175513
0.0193449
0.0196666
0.0218406
0.0218301
0.0178918
0.0167488
0.0175405
0.0129747
0.0136332
0.0140087
0.0107753
0.00710001
0.0066803
0.00803269
0.00903469
0.00782295
0.00891909
0.0049753
0.00539583
0.000399352
0.000893007
0.00380233
0.00486595
0.00753123
0.00808252
0.00485021
0.00405048
0.00455998
0.0026259
0.00133099
0.00180138
0.00388654
0.00221329
0.00156862
0.00125257
0.00304543
0.000968655
0.00487807
0.00363187
0.00149242
0.00124261
0.00214306
0.00325721
0.00249292
0.00495431
0.00807202
0.00953103
0.00924363
0.00662712
0.00396581
0.00390617
0.0013332
0.000174275
0.0021718
0.00245701
0.0048614
0.000951281
0.00308599
0.00411937
0.00587584
0.00726518
0.0044146
0.00206069
0.00182168
0.0051271
0.00299205
0.00186293
0.00363223
0.00187939
0.000896981
0.000847694
0.00167593
0.00283596
0.00488781
0.00299365
0.0027589
0.00480613
0.00269259
0.00275903
0.00170881
0.00434235
0.000397579
0.00129018
0.00177636
0.00252688
0.00143995
0.000438552
0.00042134
0.000776629
0.00148276
9.29545e-05
0.00159283
0.00125974
0.00241943
0.00319414
0.00444204
0.00475622
0.00416574
0.00418338
0.00330108
0.00359644
0.00436756
0.00315111
0.00278717
0.00629888
0.00340283
0.00222181
0.00609319
0.00518646
0.00558524
0.00443608
0.00464343
0.00610837
0.00758214
0.00712813
0.0101083
0.00882453
0.00709526
0.00595652
0.00597529
0.00676354
0.00711452
0.00773847
0.00701064
0.00610936
0.00517869
0.00413901
0.00270344
0.00140944
0.0025572
0.00490511
0.00441099
0.00376692
0.0027984
0.0016071
0.00611763
0.00657977
0.00494371
0.00555882
0.00504655
0.00700757
0.00986702
0.0072816
0.00459588
0.00331088
0.00541186
0.00648497
0.00392517
0.00341762
0.00167681
0.000658808
0.000937166
0.000508633
0.00185115
0.00109978
0.00286622
0.00411309
0.00280628
0.00547542
0.00331665
0.00249604
0.00148595
0.000559868
0.000984543
0.000789909
0.00151911
0.00333595
0.00125588
0.000430832
0.000673046
0.00201894
0.00095539
6.82498e-05
0.00247175
0.00460534
0.0023302
0.0028948
0.0037171
0.000721897
0.000927513
0.00294766
0.00259712
0.00696862
0.00687468
0.00465601
0.00536987
0.00412683
0.00432473
0.00470043
0.00330188
0.00222735
0.00242894
0.0023444
0.00144906
0.00224874
0.00211929
0.00220462
0.000200583
0.000417049
0.00197089
0.00149538
0.00140957
0.000135066
0.00390261
0.00263915
0.00422174
0.0018758
0.00142957
0.00541967
0.00323865
0.00303209
0.000591556
0.00185186
0.0016939
0.00224172
0.00412635
0.0033327
0.00640942
0.00595131
0.00723811
0.00550107
0.00598166
0.00482051
0.00552563
0.0063784
0.00543119
0.00454719
0.00282428
0.00221972
0.00277488
0.00255019
0.00277249
0.00118073
0.00262872
0.00176885
0.00132234
0.000957356
0.000250785
0.00210027
0.000238831
0.00204985
0.00307501
0.0012595
0.000525421
0.00164485
0.00530152
0.00280241
0.00172458
0.00112521
0.00278769
0.00253738
0.0018267
3.27695e-05
0.00400241
0.00528976
0.00644405
0.00456908
0.00392069
0.00271491
0.00146058
0.000267253
0.00234742
0.0014304
4.82025e-05
0.00299846
0.00358915
0.00264197
0.00640865
0.00579466
0.00381687
0.00153221
0.0060704
0.00414335
0.00465372
0.00597006
0.00475986
0.00392842
0.00418455
0.00478532
0.00365848
0.00242369
0.00108128
0.000293519
0.00103586
0.00138262
0.00013078
0.000275292
0.00043362
0.000573215
0.000376813
0.00117941
0.000502164
0.000290788
0.00255883
0.00159198
0.00145997
0.00197051
0.00237295
0.000780773
0.00263379
0.00273728
0.000900458
0.00447157
0.00400741
0.00253452
0.00308526
0.00152583
0.0014681
0.000443646
0.00180158
0.00374683
0.00122823
0.00263859
0.00146708
0.00121341
0.00101993
0.00265012
0.00342286
0.0036145
0.00423198
0.00603093
0.00537388
0.00738496
0.00549231
0.00517019
0.00313715
0.00430909
0.00324076
0.0050111
0.00503416
0.00627766
0.00400343
0.00507439
0.00423037
0.00335366
0.00352674
0.00155413
0.000704615
0.000330686
0.000803761
0.00168804
0.00248126
0.00362124
0.00346428
0.00177361
0.00258167
0.000824238
6.42204e-05
0.00258478
0.00446362
0.00360712
0.0032907
0.00358459
0.00356982
0.00304442
0.00333728
0.00267325
0.00191095
0.00154581
0.000657149
0.00273696
0.00409233
0.00607109
0.00555549
0.00760954
0.00928031
0.00873741
0.0070412
0.00588666
0.00356011
0.00454772
0.00244461
0.00274709
0.00345369
0.000543672
0.00178822
0.001181
0.000204191
0.000129483
0.00100068
0.00285519
0.00471361
0.0050869
0.00690008
0.00903378
0.00874227
0.00961611
0.0104964
0.00726949
0.00611915
0.00748417
0.0095259
0.00783601
0.00966524
0.0106128
0.0125292
0.0142633
0.0115704
0.013474
0.0125696
0.00896324
0.010364
0.0116913
0.0132415
0.0145593
0.0137353
0.0142717
0.0144888
0.0139347
0.014574
0.0132103
0.013572
0.0110866
0.010654
0.0108012
0.0126
0.014497
0.0123435
0.0091788
0.00682028
0.00770926
0.00937958
0.00922741
0.0099523
0.0105516
0.0115071
0.0100315
0.0107844
0.00823833
0.00850528
0.0101851
0.0101959
0.011983
0.0125578
0.0142023
0.0137253
0.00991604
0.00812863
0.00889119
0.00863683
0.0101848
0.00854496
0.00580434
0.00595131
0.00519851
0.00395543
0.00357399
0.00294042
0.00482685
0.00333315
0.00487031
0.00410366
0.00464583
0.0032687
0.0050657
0.00634644
0.0082266
0.00709288
0.00894844
0.0100521
0.0113052
0.00852113
0.00775558
0.00721407
0.00845498
0.0080369
0.00826911
0.00737376
0.00680808
0.00782743
0.00630363
0.0067456
0.00725583
0.00392159
0.00380255
0.00417603
0.0040262
0.0058423
0.00649476
0.00559876
0.00607814
0.00787194
0.00978157
0.0102113
0.0106273
0.00750973
0.00836314
0.00904923
0.00943137
0.00963281
0.0100906
0.00754464
0.00747442
0.00667765
0.00681046
0.00445888
0.00627273
0.00646953
0.0070834
0.00663772
0.00700159
0.00838703
0.00997356
0.0102211
0.00884632
0.00958053
0.0102358
0.0102925
0.00838851
0.00700333
0.00837981
0.00868401
0.00758609
0.00888515
0.00990294
0.0101912
0.0113701
0.0103282
0.0106821
0.0110562
0.0101442
0.00674745
0.00790765
0.00791493
0.00741687
0.00609539
0.00790584
0.00772272
0.00955781
0.010768
0.00821816
0.00872173
0.00669435
0.00485991
0.00149334
0.00335188
0.00467454
0.00524036
0.0067524
0.00725952
0.00789797
0.00834174
0.00966382
0.0102838
0.0108497
0.0090423
0.00952859
0.00977864
0.00852246
0.00929872
0.0105524
0.0097113
0.00965397
0.00808151
0.00853864
0.00682543
0.0081899
0.00872072
0.00941513
0.0102035
0.0102407
0.00989901
0.0113661
0.0107888
0.0114774
0.0125704
0.0104612
0.00951671
0.0111227
0.0124944
0.0131438
0.0142863
0.0132484
0.0143219
0.0129413
0.0129603
0.0105416
0.0111533
0.0126082
0.0110933
0.00855387
0.00806588
0.00779838
0.00774628
0.00685474
0.00713509
0.00685812
0.00786312
0.00798548
0.00827141
0.0090148
0.00944181
0.00859941
0.00975365
0.0115967
0.0109599
0.00842018
0.00928111
0.0101846
0.00933202
0.00899701
0.0095275
0.0097966
0.00984908
0.0114278
0.010824
0.0115535
0.0110271
0.00899012
0.00643534
0.00610732
0.00337478
0.00158208
0.00246667
0.00244354
0.00277039
0.000766237
0.00225722
0.00273999
0.00408562
0.00541162
0.00392668
0.00456307
0.00442907
0.00351887
0.00416232
0.00556395
0.00583344
0.0059706
0.00650564
0.00785032
0.00762282
0.00804281
0.00952625
0.00982694
0.0110228
0.0115952
0.0102764
0.0105118
0.0101581
0.00880573
0.0101754
0.0106418
0.0112611
0.00865568
0.00732701
0.0058554
0.00735354
0.00909717
0.0105156
0.0107609
0.0107951
0.0117706
0.01093
0.00989334
0.0110913
0.0124133
0.010832
0.00903619
0.00939805
0.00809861
0.00900704
0.00773497
0.00691492
0.00720197
0.00884495
0.010029
0.0101606
0.00804922
0.0087765
0.00946784
0.00725471
0.00741635
0.00736821
0.00694133
0.00745458
0.00748974
0.00833355
0.0100628
0.010539
0.00793549
0.00934827
0.0095256
0.00853143
0.00879254
0.0100344
0.0107409
0.0114094
0.0122489
0.0134692
0.0141263
0.0127944
0.0112386
0.0112258
0.0106489
0.00842641
0.00936879
0.0088369
0.0102585
0.0101377
0.0103515
0.00966826
0.00915478
0.00709881
0.00845132
0.00818982
0.0073866
0.00737585
0.00762014
0.00813998
0.00960495
0.00982412
0.00999086
0.00960667
0.0105329
0.0117768
0.0117814
0.0122174
0.0136196
0.0115512
0.0114893
0.0119884
0.0131042
0.0139599
0.0152809
0.0156901
0.015821
0.0159795
0.0162677
0.016561
0.0177136
0.0183639
0.0167337
0.0154262
0.0153271
0.0163034
0.0169452
0.0169367
0.0159943
0.01668
0.015937
0.0139916
0.0146217
0.0141906
0.0135572
0.0139969
0.0151253
0.0132171
0.0146636
0.0154576
0.0160936
0.0160082
0.0158348
0.0137537
0.013616
0.0141265
0.0133468
0.0136235
0.0146358
0.0142592
0.0135552
0.0141819
0.014325
0.0129767
0.0133013
0.0125839
0.0119959
0.00991321
0.0114791
0.0110638
0.0116324
0.0122309
0.0130562
0.0135605
0.0118942
0.0127542
0.0121174
0.0108108
0.0119592
0.0101813
0.0103553
0.0115588
0.0104364
0.0093467
0.00816702
0.00812698
0.00964127
0.00961964
0.0103915
0.00973014
0.0100334
0.0106801
0.0104684
0.0108413
0.00908979
0.00821797
0.00919291
0.00994778
0.0102809
0.00966436
0.0105252
0.0115317
0.0121901
0.0123308
0.0109392
0.0112978
0.0125172
0.0125806
0.0127139
0.0129544
0.0134771
0.0132893
0.0139624
0.0131881
0.013463
0.0133283
0.0131296
0.0136385
0.0148338
0.0157983
0.0154827
0.0157416
0.0145121
0.0158639
0.0162202
0.0172536
0.0168342
0.0172666
0.0166754
0.0170524
0.0175277
0.0177854
0.0163528
0.0163327
0.0177091
0.018024
0.0172164
0.0176111
0.0179604
0.0169166
0.0162212
0.0161812
0.01535
0.0126606
0.0122009
0.0125322
0.0123733
0.0129155
0.0134562
0.0121014
0.0136675
0.0147186
0.0143583
0.0138595
0.0138227
0.0137802
0.0141244
0.0113306
0.0113029
0.0119645
0.0109053
0.0113321
0.0116358
0.0104912
0.0112853
0.0113058
0.0101094
0.0114327
0.0127227
0.0123177
0.0128745
0.0139922
0.01234
0.0136111
0.0123967
0.00974648
0.00928335
0.00900465
0.0103146
0.00937724
0.0103996
0.00916518
0.00717924
0.00815042
0.00734719
0.00749278
0.00765895
0.00775615
0.00805563
0.0080993
0.00851013
0.00890434
0.00852198
0.00892607
0.00995535
0.0113111
0.0121383
0.0132947
0.0121087
0.0109434
0.00941098
0.0105756
0.0110076
0.0111954
0.011863
0.0120457
0.0120018
0.012329
0.0125201
0.0123426
0.0127645
0.0131206
0.0132101
0.0135571
0.0145991
0.0160265
0.0146998
0.0152026
0.0160001
0.0169015
0.0158039
0.0165005
0.0166083
0.0149656
0.015671
0.0153241
0.0153597
0.0144134
0.015134
0.0150187
0.0132725
0.0143533
0.0151984
0.0161368
0.016801
0.0168167
0.0169844
0.0162619
0.0162966
0.017243
0.0175162
0.0183899
0.0188431
0.0183086
0.0178099
0.0189941
0.019474
0.0200555
0.0176696
0.0179162
0.0185941
0.0192203
0.0196409
0.0208839
0.021684
0.0231022
0.0243838
0.0254249
0.0236095
0.0246264
0.0260728
0.0244771
0.0253175
0.0258052
0.0256379
0.0270615
0.024294
0.0241619
0.0241291
0.0240371
0.0243294
0.0254208
0.0254745
0.0253663
0.0251448
0.0237204
0.022488
0.0228764
0.023159
0.0234866
0.0240038
0.0233367
0.0236624
0.0229205
0.0227242
0.0237755
0.023786
0.0242724
0.024653
0.0243717
0.0252809
0.0262985
0.0260747
0.0265553
0.0256982
0.0251099
0.0232346
0.0241206
0.0249979
0.0252855
0.0247693
0.0245706
0.0240929
0.0244163
0.0250276
0.0240242
0.0239695
0.0251125
0.023817
0.0230733
0.023531
0.0236745
0.0229812
0.0239797
0.0241227
0.0246029
0.0247629
0.0261347
0.0264356
0.0272968
0.0270504
0.0281601
0.0269438
0.0270545
0.0247585
0.0244501
0.0255397
0.0257183
0.024063
0.0253928
0.0239145
0.0224108
0.0221519
0.0208928
0.0218152
0.0224645
0.0213929
0.0227693
0.0239989
0.0237611
0.0228727
0.0220036
0.0231605
0.0236543
0.0247752
0.0243708
0.0256468
0.0264989
0.0255913
0.0265033
0.0275605
0.0265789
0.0262855
0.0244225
0.0252802
0.0250159
0.0227295
0.0230356
0.0228286
0.0222492
0.0217095
0.0210291
0.0203805
0.0214971
0.0219483
0.0212162
0.0221769
0.0221138
0.0215053
0.0227231
0.0230669
0.0241997
0.0244376
0.0247497
0.0252142
0.02454
0.0255068
0.0255903
0.0262132
0.026164
0.0260574
0.0271574
0.028407
0.0274549
0.0273797
0.0266332
0.0265423
0.0274841
0.0270464
0.0276168
0.0283188
0.0280047
0.0277903
0.0277422
0.0265506
0.0275241
0.0268694
0.02717
0.0269692
0.0263601
0.0272025
0.0268087
0.0278713
0.02833
0.0288211
0.0281789
0.027465
0.0278606
0.02582
0.0256813
0.0245647
0.0253212
0.0242249
0.0241721
0.0240659
0.0249234
0.0260927
0.0262813
0.0259803
0.0259833
0.02555
0.0252207
0.0256413
0.0259169
0.0266597
0.0277585
0.028247
0.0282013
0.0266247
0.0267419
0.0263955
0.0256205
0.0240397
0.0243439
0.0244129
0.0249011
0.0235009
0.0240407
0.022011
0.0226028
0.0213889
0.0199424
0.0211992
0.0214289
0.0226399
0.0229925
0.0235047
0.0246339
0.0258516
0.0259466
0.0245985
0.0226933
0.0214962
0.0209549
0.0213019
0.0214336
0.0204886
0.0207859
0.021775
0.0221403
0.0229555
0.022576
0.0227753
0.0231955
0.0230163
0.0233155
0.0243537
0.0243745
0.0243499
0.023492
0.0224224
0.0220806
0.0201345
0.0202516
0.0188476
0.017906
0.0186091
0.0195778
0.0199089
0.0185565
0.018023
0.0185332
0.0182548
0.0165878
0.016787
0.017149
0.0171336
0.0172468
0.0181768
0.0179899
0.0187552
0.0183222
0.017931
0.0182182
0.0177663
0.0168107
0.0170168
0.0162423
0.0169365
0.0171756
0.017193
0.0171325
0.016786
0.0161449
0.0170755
0.0179946
0.0173021
0.0183963
0.0177206
0.0170938
0.0181148
0.0183433
0.0173347
0.0172965
0.0176291
0.0183648
0.018072
0.018854
0.0187852
0.0191485
0.0186005
0.0192168
0.0191751
0.0185856
0.019182
0.0202652
0.0212493
0.0212555
0.020531
0.0204675
0.0197189
0.0201569
0.0213993
0.0218208
0.0207551
0.0201332
0.0203019
0.0199104
0.0202406
0.0212415
0.0224202
0.0223937
0.0229996
0.0210382
0.0194949
0.0206652
0.0199438
0.0191993
0.0182377
0.0187637
0.0190287
0.0195876
0.020632
0.0215656
0.0223113
0.0222904
0.0222806
0.0232178
0.0234586
0.0210551
0.0211951
0.0212973
0.0201607
0.0205052
0.0205177
0.0202998
0.0210345
0.0210388
0.0222421
0.0217575
0.0227082
0.0232317
0.0242349
0.0238972
0.0238046
0.0232784
0.0231101
0.0231194
0.0216733
0.0228889
0.0222949
0.0203822
0.0210672
0.0194853
0.0199757
0.0202543
0.0198482
0.0203469
0.0204599
0.0201041
0.0198078
0.0195705
0.0177194
0.0164093
0.0145556
0.0143742
0.0153387
0.0158483
0.0162962
0.0148217
0.0151218
0.0154271
0.0162881
0.0150959
0.0158089
0.0145377
0.0157203
0.0157584
0.0159552
0.0164087
0.0170709
0.0172282
0.0177688
0.0179798
0.0182913
0.0169715
0.0171272
0.0174721
0.015541
0.0150823
0.0150452
0.0141244
0.0150117
0.0146968
0.0141369
0.0129717
0.0133682
0.0139576
0.0144036
0.0147747
0.0149631
0.0151506
0.0154312
0.015814
0.0144416
0.0140884
0.013787
0.014768
0.0141665
0.0151762
0.0162488
0.0172867
0.0176349
0.0178261
0.0181694
0.0190033
0.0190149
0.0194621
0.0199432
0.0183032
0.0161096
0.0162656
0.0166142
0.0175365
0.0185082
0.0179365
0.0191028
0.0200606
0.0211269
0.0216197
0.0218852
0.0216727
0.0201096
0.0194066
0.0196775
0.0197912
0.0208211
0.01961
0.0192273
0.0174801
0.0176485
0.0167038
0.0163844
0.0163018
0.0164409
0.016289
0.0169889
0.0172535
0.0156777
0.0146806
0.0150631
0.0144556
0.015141
0.0162573
0.015314
0.0148339
0.0159139
0.0163209
0.0164081
0.0146068
0.0127625
0.013498
0.0117747
0.0119945
0.0121123
0.0128443
0.0108207
0.0109623
0.0109826
0.0109307
0.0103335
0.00982471
0.0107166
0.0110065
0.0102277
0.0103973
0.0113264
0.0109827
0.0113885
0.0109603
0.0114228
0.0117856
0.0126733
0.0109155
0.0113651
0.0108968
0.00883273
0.00775618
0.00783614
0.00887014
0.00941887
0.00963323
0.00796658
0.00779678
0.00733922
0.00757938
0.0086792
0.00951072
0.00986787
0.00912555
0.00939821
0.00835137
0.00851781
0.0083672
0.0086357
0.0089419
0.00931207
0.00965328
0.0101538
0.00967256
0.00739028
0.00717062
0.00826168
0.00889405
0.00925788
0.00927839
0.0103884
0.0111642
0.0116836
0.0120764
0.0129874
0.0131693
0.014282
0.0143909
0.0147089
0.0145592
0.01468
0.0152378
0.0161797
0.0172977
0.0175226
0.0181253
0.0190994
0.0200976
0.0210834
0.0215611
0.0218355
0.0219929
0.0226136
0.0229947
0.0230679
0.0235813
0.0227609
0.0230599
0.0228091
0.0236131
0.0234847
0.0239064
0.0241232
0.0223648
0.0224501
0.0227323
0.0237765
0.0228014
0.0233156
0.0231231
0.0236613
0.023797
0.0247238
0.0250846
0.0252555
0.0248461
0.0249519
0.0250851
0.0254368
0.0232359
0.0241128
0.0237677
0.0244089
0.0247811
0.024444
0.0244381
0.0239291
0.024238
0.0228604
0.023803
0.0237913
0.0238104
0.0228119
0.0215542
0.0221502
0.0219068
0.0214456
0.0201374
0.0211927
0.0215467
0.0213967
0.0223474
0.0227013
0.022073
0.021647
0.021733
0.0211591
0.0204694
0.021419
0.0223155
0.0225691
0.0228467
0.0233607
0.023182
0.0240961
0.0249388
0.0255557
0.0263823
0.0269046
0.0275666
0.0285068
0.0283679
0.0271265
0.0272505
0.0276544
0.0285552
0.0285928
0.0267751
0.0278572
0.0263553
0.0262332
0.0269186
0.0269423
0.0276807
0.028102
0.029158
0.0294453
0.0291467
0.0293976
0.0285358
0.0286442
0.0290777
0.0297699
0.029075
0.0288432
0.0282047
0.0278301
0.0275392
0.0275542
0.0279254
0.028244
0.0262418
0.0259642
0.0252651
0.0255094
0.0255277
0.0245905
0.0243503
0.0246129
0.0238914
0.0243401
0.0247705
0.0250705
0.0254059
0.0260423
0.0256107
0.026017
0.025676
0.0265429
0.0263018
0.0254911
0.0256907
0.0258304
0.0257254
0.0245933
0.0243231
0.0244741
0.0253869
0.0247315
0.0247017
0.024954
0.0250634
0.0240587
0.0246417
0.0243089
0.0232105
0.0237257
0.0239879
0.0239279
0.0227227
0.0231684
0.0231526
0.0238545
0.0239385
0.0234988
0.0244549
0.0241783
0.0243731
0.024751
0.0256198
0.025768
0.0243842
0.0245276
0.0238238
0.0243984
0.0231823
0.0234488
0.0221709
0.0218913
0.0224441
0.0223576
0.023109
0.0234346
0.0235189
0.0225585
0.0224662
0.0222098
0.0223498
0.0208565
0.020649
0.0210229
0.0203835
0.0208247
0.0208183
0.0213317
0.0217781
0.020882
0.0217164
0.0212522
0.0207577
0.0212768
0.0218871
0.0209145
0.0208269
0.0212915
0.0216895
0.0213876
0.0217991
0.022414
0.022728
0.0229215
0.0225989
0.0229918
0.0215785
0.0210049
0.0213697
0.0218939
0.0219166
0.0203908
0.0211644
0.0217329
0.0220997
0.0205824
0.0207544
0.0207015
0.0212072
0.0215112
0.0205704
0.0208165
0.0205752
0.0205696
0.0206003
0.0198284
0.0199612
0.0208295
0.0208091
0.0212297
0.0210289
0.0213461
0.0206074
0.0205869
0.0212068
0.0216125
0.0217887
0.0221177
0.0229208
0.021565
0.0211538
0.0213731
0.0207916
0.0212462
0.0208892
0.0212031
0.0216998
0.0223473
0.0225622
0.0226357
0.0208901
0.0210052
0.0206994
0.0203919
0.0205736
0.020644
0.0200609
0.0199569
0.0196968
0.0198339
0.0178604
0.0171862
0.0178842
0.0181127
0.018219
0.0188797
0.0183688
0.0170492
0.0169219
0.0175531
0.0159446
0.0166113
0.0162696
0.0158314
0.0165351
0.0164345
0.0168684
0.0177744
0.0180492
0.0184118
0.0190951
0.0183103
0.0180645
0.0176035
0.0178887
0.0172867
0.0179727
0.0179282
0.0176952
0.0183578
0.019123
0.0190798
0.0196148
0.018417
0.0189941
0.0195758
0.0205426
0.0208479
0.0205472
0.0204428
0.0195926
0.0200452
0.0182503
0.0179635
0.0181181
0.017852
0.0182208
0.0184957
0.0174006
0.0165974
0.0174117
0.0179445
0.0177333
0.0180989
0.0174145
0.0177037
0.0180748
0.0181836
0.0176107
0.0176845
0.0178278
0.0181109
0.0186821
0.0189131
0.0186763
0.018845
0.0191496
0.0188934
0.0188645
0.0189498
0.0188323
0.0194632
0.019741
0.0181481
0.0190302
0.0187863
0.0167969
0.0169213
0.017234
0.017047
0.0159865
0.0159756
0.0150177
0.0148757
0.0145193
0.0145469
0.0138977
0.0146565
0.0139944
0.0147235
0.0150702
0.0157531
0.0154078
0.0156506
0.0159561
0.0154352
0.0161092
0.0156349
0.0146683
0.0148609
0.0152372
0.0135536
0.0140937
0.0140434
0.0137363
0.0120705
0.0122973
0.0128818
0.0130055
0.0127264
0.0123526
0.0111811
0.0108181
0.0108436
0.00928271
0.00936837
0.0091814
0.00995679
0.00943614
0.0101017
0.0104797
0.0113305
0.0115479
0.010393
0.00998632
0.00934884
0.0101612
0.0104945
0.0112535
0.0121079
0.0113964
0.0110956
0.0106382
0.0112474
0.0108726
0.00957498
0.0085168
0.00759199
0.00641513
0.00587195
0.00627965
0.00719563
0.00779892
0.00796921
0.00877454
0.00920504
0.00903607
0.00992503
0.0101756
0.0105407
0.0108808
0.010946
0.0116528
0.011738
0.012052
0.0127176
0.01134
0.0120351
0.0122649
0.0115457
0.012275
0.0125908
0.0129164
0.0126904
0.0132294
0.0128825
0.0130655
0.012186
0.0125407
0.0128524
0.0137039
0.0121059
0.0116335
0.0119421
0.0122478
0.0128108
0.0136635
0.0139911
0.0129205
0.0136183
0.0128658
0.0129484
0.0130771
0.012439
0.013154
0.0135476
0.0138368
0.0143874
0.0146588
0.0153173
0.0157219
0.0160155
0.0162321
0.0170184
0.0173479
0.0175747
0.0177123
0.0179691
0.0168476
0.0166896
0.0158781
0.0160701
0.0164598
0.0158082
0.0166878
0.016712
0.0173265
0.0175868
0.0173372
0.0162437
0.0162409
0.0163452
0.0166542
0.0172623
0.0171536
0.0159062
0.0147046
0.0145854
0.014483
0.0144324
0.0136506
0.0135019
0.0142226
0.0130516
0.0134616
0.0143415
0.0143991
0.0133756
0.0123527
0.011973
0.0111424
0.00986243
0.0106843
0.011072
0.0119746
0.0122364
0.0126997
0.0128553
0.012714
0.012375
0.0127048
0.0126689
0.0134094
0.0141366
0.0143934
0.0140794
0.0144334
0.0128834
0.0126674
0.013182
0.0136313
0.0124153
0.0132712
0.0136636
0.0137466
0.0139125
0.0147722
0.0145139
0.0146749
0.0149845
0.0139648
0.0137686
0.0140897
0.0133222
0.0129646
0.0137302
0.0123439
0.0129113
0.0119227
0.0126115
0.0131638
0.013944
0.0142529
0.0142409
0.0141366
0.013249
0.0136299
0.0128337
0.0130967
0.0132036
0.0130999
0.0131707
0.0126356
0.0126284
0.0134627
0.0136109
0.0138406
0.0134448
0.013442
0.0139975
0.0144982
0.0134676
0.0139014
0.014257
0.0125976
0.0130517
0.0120844
0.0128428
0.012571
0.0133084
0.0137803
0.0140047
0.014341
0.0150903
0.015265
0.0154186
0.0147922
0.0140712
0.0128692
0.0129566
0.013058
0.0135161
0.0140956
0.0129474
0.0136498
0.0122328
0.0128777
0.0128101
0.0117217
0.0125509
0.0130086
0.012591
0.0134587
0.0135713
0.0137841
0.0126327
0.0123715
0.0126499
0.0134704
0.0134548
0.0140705
0.0140259
0.0125529
0.0132337
0.0135152
0.0118622
0.0118902
0.0121643
0.012548
0.0112024
0.0114058
0.0114373
0.0115346
0.0113914
0.0103823
0.0105469
0.0105699
0.0105467
0.0110561
0.0117467
0.011596
0.011829
0.0126155
0.0128493
0.0129812
0.0135241
0.0140845
0.0124255
0.0115156
0.0116541
0.00998015
0.0101579
0.0106199
0.0109289
0.011157
0.0117551
0.0115605
0.0106672
0.010978
0.0113164
0.0116831
0.0119539
0.0127141
0.0126149
0.0124853
0.0123659
0.0130981
0.0135811
0.0139495
0.0147011
0.0150823
0.0139443
0.0146378
0.0149286
0.0145513
0.0150908
0.0152127
0.0149564
0.0142191
0.0142019
0.0144805
0.014731
0.0150296
0.0156004
0.0158594
0.0165053
0.0160186
0.0168137
0.0170476
0.0170896
0.0178797
0.0179999
0.0188343
0.017734
0.0179854
0.0183076
0.0174293
0.0181658
0.0178028
0.016596
0.0165647
0.017313
0.0178651
0.0183701
0.0184468
0.018876
0.0193859
0.0181401
0.0188215
0.0194717
0.0195628
0.0197338
0.0201828
0.0209303
0.0212192
0.0214955
0.0214769
0.0210356
0.0209181
0.0212779
0.0215467
0.0214101
0.0203512
0.0208324
0.0212174
0.0213915
0.0206221
0.0212785
0.0212742
0.0213774
0.0217429
0.0211191
0.0215752
0.0215774
0.0216841
0.0221539
0.0223729
0.0231985
0.0222202
0.0222494
0.0223705
0.0215019
0.0216752
0.0220368
0.0215503
0.0215038
0.0216928
0.020753
0.0198916
0.019416
0.0195358
0.0198555
0.0200358
0.0188517
0.0189757
0.0193909
0.0198153
0.0200812
0.0208502
0.0216465
0.020414
0.0212125
0.0202955
0.0194203
0.0194871
0.0200856
0.0205684
0.0198931
0.0206875
0.0209089
0.0199348
0.019525
0.0196208
0.0190995
0.0194958
0.019516
0.0200289
0.020108
0.0195861
0.0193394
0.0192406
0.0186763
0.0189105
0.0196885
0.0202343
0.0207294
0.0210386
0.0211636
0.02133
0.0213695
0.0208285
0.0212133
0.0211053
0.0211776
0.0213757
0.0207911
0.0215241
0.0205649
0.0210306
0.0215969
0.0218915
0.0217037
0.0205577
0.0206529
0.0193798
0.019546
0.0188477
0.0187103
0.0188017
0.0188946
0.0184014
0.0169924
0.0174049
0.0177831
0.01855
0.0192793
0.0184658
0.0187273
0.0189688
0.019233
0.0194604
0.0197895
0.0194348
0.0185326
0.0185107
0.0190385
0.0190831
0.0183352
0.0188126
0.0176567
0.0177213
0.0182048
0.0183263
0.0173458
0.0160498
0.0163413
0.0164703
0.0166113
0.0171687
0.0171435
0.0166862
0.0169318
0.0169071
0.016378
0.0166982
0.0166268
0.0165621
0.015882
0.015271
0.015281
0.0154895
0.0155108
0.0146626
0.0153626
0.0152805
0.0148322
0.0154395
0.0154922
0.0159369
0.0148164
0.0151052
0.0151596
0.0154913
0.0151698
0.0156592
0.015586
0.0161228
0.016088
0.0165494
0.0170402
0.0163845
0.0169771
0.0169957
0.0176277
0.0171109
0.0163239
0.0163817
0.017109
0.016557
0.0159859
0.0162288
0.0162096
0.0161006
0.0159989
0.0162695
0.0161367
0.0168499
0.0163973
0.0163049
0.0160841
0.0163137
0.0167473
0.0165059
0.0172605
0.0176925
0.018032
0.0183257
0.0183206
0.0182692
0.018099
0.0183277
0.0188301
0.0179502
0.0184182
0.0180169
0.0180043
0.0175258
0.0170301
0.0161912
0.0156719
0.016288
0.0169794
0.017359
0.0172005
0.0174715
0.0168389
0.015904
0.0157947
0.0162898
0.0165802
0.016756
0.0167632
0.0174564
0.0174874
0.017261
0.0176883
0.0179547
0.0182853
0.018987
0.0197357
0.020028
0.0203921
0.0211169
0.0216509
0.0216726
0.0220625
0.0218788
0.0222466
0.0225055
0.0227921
0.0228134
0.0230571
0.0235835
0.0241611
0.023294
0.021821
0.0221238
0.0218076
0.0210889
0.0211702
0.0211187
0.0216971
0.0217857
0.0224302
0.0214994
0.0203979
0.0192226
0.019506
0.0201392
0.020917
0.0214353
0.021183
0.0198125
0.0195595
0.0189764
0.0182254
0.0182366
0.0189211
0.0186656
0.0189243
0.0193867
0.0185621
0.018497
0.0180426
0.0178785
0.017474
0.0173843
0.0176168
0.0180039
0.0182586
0.0184049
0.0188977
0.019274
0.0196434
0.0181686
0.0179629
0.0171939
0.0172715
0.0169029
0.0162675
0.015697
0.0164578
0.0163912
0.0161275
0.0157453
0.0160231
0.0159984
0.0156808
0.0147705
0.0149342
0.0153445
0.0156728
0.0161368
0.0163692
0.016697
0.0153226
0.0150478
0.0145705
0.014789
0.0146747
0.0138952
0.0141094
0.0146499
0.014133
0.0140068
0.0129529
0.0125677
0.012783
0.0126912
0.0119045
0.0118611
0.0125193
0.0126977
0.0124101
0.012711
0.012561
0.0132935
0.0122524
0.0119436
0.0110272
0.0105779
0.00957027
0.00973065
0.00961855
0.00999092
0.00954486
0.00960867
0.00932485
0.00895966
0.00916634
0.00898711
0.00910996
0.00973809
0.00984702
0.00928881
0.00967138
0.0101323
0.00990181
0.00941653
0.0093185
0.00807622
0.00783332
0.00814932
0.00685063
0.0067234
0.005489
0.00540499
0.00559535
0.00595222
0.00573955
0.00604823
0.00652443
0.00581173
0.00647935
0.00708563
0.00781481
0.00844353
0.00868529
0.0086775
0.00893353
0.00912665
0.00840435
0.00888223
0.00891959
0.00897965
0.00950384
0.00994941
0.0101779
0.00959259
0.00892552
0.00883924
0.00903131
0.00826496
0.00836365
0.00863018
0.00877303
0.00825889
0.00702187
0.00749703
0.00737836
0.00671908
0.00645877
0.00626127
0.0059437
0.00465375
0.0052886
0.00543385
0.0057747
0.00441059
0.00483039
0.00503357
0.00463607
0.00429633
0.00487791
0.00524394
0.00550797
0.00493182
0.00551046
0.00575815
0.00613055
0.00617634
0.00636655
0.00643082
0.0059032
0.00626629
0.0060986
0.00667218
0.00625183
0.00637682
0.00699251
0.00714615
0.00644339
0.00670372
0.00590963
0.00571176
0.00499464
0.00567817
0.00636739
0.00668963
0.0057925
0.00510965
0.00479094
0.00351524
0.00268752
0.00241781
0.00256945
0.00283422
0.00169946
0.00222238
0.00200127
0.0023914
0.00240518
0.00262124
0.0022433
0.00239398
0.00286528
0.003058
0.0026907
0.00218033
0.00274291
0.0031999
0.00362528
0.00382816
0.00446794
0.00485018
0.00482313
0.00484636
0.00505137
0.0051119
0.00533705
0.00513586
0.00490617
0.00521981
0.00569998
0.00641372
0.00654524
0.00653199
0.00699645
0.00585995
0.00578036
0.00569762
0.00541328
0.00429409
0.00485696
0.00399728
0.0035292
0.00369272
0.00387326
0.00237901
0.00172237
0.0018667
0.00206913
0.00206427
0.00065752
0.00027973
0.000675496
0.000848108
0.00127302
0.000659939
0.00078249
3.52562e-05
0.00017898
0.000280908
0.000227682
0.000288087
0.000658206
0.000308857
0.000163881
0.000663551
0.00125433
0.000577224
0.000487259
0.000149213
0.000379181
0.000569861
0.000309553
3.23659e-05
0.000374805
0.000187818
0.000331564
0.000134024
8.87757e-05
0.000254532
0.000571275
0.00116692
0.000464049
0.00100283
0.00110695
0.00107961
0.000628856
0.0011745
0.00121116
0.000725075
0.000499207
0.000673033
0.00126891
0.000774982
0.000535669
0.000673972
0.000387337
0.000406417
0.000780368
0.000590886
0.000990132
0.000799829
0.00143116
0.00123351
0.000777349
0.00143808
0.00129953
0.00140475
0.0010955
0.00124677
0.000653932
0.000455034
0.000240017
0.000396225
0.000481351
0.000795217
0.000513907
4.87244e-05
0.000258802
0.000102102
0.000508067
0.000896001
0.00108337
0.00154092
0.00173692
0.00189793
0.00212049
0.00266396
0.00271119
0.00288304
0.0024845
0.002184
0.0022783
0.00271033
0.00214897
0.0027236
0.00310947
0.00368794
0.00387386
0.00412907
0.00334881
0.00345788
0.00401784
0.00346707
0.00334943
0.0037059
0.00393268
0.00423609
0.00447388
0.00386711
0.00410363
0.0039313
0.00351655
0.00355319
0.00306779
0.00360442
0.00364773
0.00418608
0.00417372
0.00417496
0.00442242
0.00309886
0.00354306
0.00315243
0.00300753
0.00358224
0.00314886
0.00259236
0.00200379
0.00243237
0.00239913
0.00239742
0.00242768
0.00257284
0.00200841
0.00189066
0.00236288
0.00251054
0.00250519
0.00312444
0.00312833
0.00346554
0.00370243
0.00400638
0.00428822
0.00388212
0.00347811
0.00360837
0.003765
0.00382989
0.00333358
0.00371547
0.00381783
0.004143
0.00475267
0.00515095
0.00522543
0.0046452
0.00422018
0.00386197
0.00400898
0.00460471
0.00502258
0.00490218
0.0047177
0.00389123
0.00314331
0.00272146
0.00325379
0.00239514
0.00277257
0.002991
0.00308722
0.00283303
0.002924
0.00244953
0.00294001
0.00239434
0.00276945
0.00192725
0.00117706
0.00115154
0.000634412
0.000787641
0.000985671
0.000912402
0.000703103
0.00139808
0.00135228
0.00134597
0.00156101
0.00174083
0.00181738
0.0023538
0.00164161
0.00090066
0.000286072
8.0274e-05
0.000777775
0.000976994
0.00115745
0.00128952
0.00195499
0.00262587
0.00315874
0.00329589
0.00332768
0.00285436
0.00272032
0.00333182
0.0034781
0.00394212
0.00449551
0.00427301
0.00496713
0.00438943
0.00475672
0.00411836
0.00378856
0.00351961
0.00371223
0.00268987
0.00244405
0.00251141
0.00312482
0.00246053
0.00303995
0.00314341
0.00358978
0.00419521
0.00430922
0.00448938
0.00421263
0.00424391
0.00437596
0.00458121
0.00457613
0.00459215
0.00443985
0.00476052
0.00425539
0.00339454
0.00287912
0.00307605
0.00251511
0.00299146
0.00325875
0.00258757
0.00204525
0.00231116
0.000912435
0.00110903
0.00118219
0.0018581
0.00132637
0.00105935
0.00130344
0.00118544
0.000540074
0.000637417
0.00115304
0.00163196
0.00141447
0.00112183
0.00062887
0.00127719
0.00142356
0.00155573
0.000668884
0.000430728
0.000200064
0.000613101
0.0010321
0.000877691
0.00096406
0.00122168
0.00114124
0.00109268
0.00123954
0.000872025
0.00149471
0.000692696
0.000974243
0.00130614
0.000427606
0.000388816
0.000536569
0.000307469
0.000153193
3.28956e-06
0.000442511
0.00051582
0.000952762
0.000837987
0.00140222
0.000954201
0.00121798
0.000704956
0.000302117
0.000411482
6.57005e-05
0.000437129
0.000174613
0.000983519
0.00140542
0.000775865
0.000809064
0.000856019
0.000683354
0.00176933
0.00115579
0.00118397
0.000503629
0.000495662
0.000872482
0.00180773
0.00159782
0.000997848
0.000944097
0.000302491
0.000333374
0.000155756
0.00104628
0.000767697
0.00176655
0.00162166
0.00171923
0.00240185
0.00199245
0.00174789
0.00146682
0.00127737
0.00154265
0.00129616
0.00106894
0.000869355
0.00107714
0.000979881
0.00122834
0.000729356
0.00112198
0.000525962
5.81315e-06
5.9604e-05
0.000353937
9.06446e-05
0.000221335
0.000495095
0.000677831
0.00113363
5.97444e-05
0.000372851
0.00106894
0.00083695
0.00186074
0.00216568
0.00176311
0.00140608
0.0012873
0.00103852
0.000813092
0.00089373
0.000415073
0.00051509
0.00015464
0.000993158
0.00132109
0.00150707
0.00141481
0.00206733
0.00197998
0.00216647
0.00213743
0.00160981
0.00112343
0.00133251
0.00182763
0.00205927
0.00214584
0.00188264
0.00204969
0.00234533
0.00216624
0.00234201
0.00255511
0.00235333
0.00238046
0.00264559
0.002553
0.00254724
0.00223434
0.00224969
0.00242786
0.00253005
0.00236737
0.00236957
0.00196555
0.00185421
0.00132313
0.000745813
0.00109807
0.000811202
0.00141193
0.00129613
0.000691297
0.000158535
3.9931e-05
0.000394858
0.000926154
0.00101842
0.000767523
0.000501862
0.000280553
0.000357556
0.000121266
0.000529595
0.000559944
0.000325862
0.000142805
0.000598634
0.00041421
0.000832825
0.000352427
0.00111037
0.00167922
0.00177004
0.00229457
0.00303408
0.00325268
0.00282255
0.00295707
0.00274167
0.0029561
0.0026069
0.00207344
0.00167742
0.00160394
0.0018751
0.00184857
0.00135865
0.000702803
0.000122637
0.000259338
1.11268e-05
5.01251e-05
0.00108838
0.000474438
0.00102617
0.00100684
0.0021026
0.0018788
0.00177587
0.00135607
0.00146525
0.00252845
0.0022859
0.0024638
0.00246274
0.00204418
0.00225893
0.00204574
0.00215295
0.00299713
0.00384927
0.00465723
0.00518886
0.00504292
0.0051822
0.00543663
0.00489172
0.00433376
0.00412416
0.00362859
0.00365075
0.00321193
0.0040814
0.00354542
0.00308324
0.00269078
0.0025321
0.00259069
0.00244614
0.00268893
0.00225998
0.00169786
0.00281099
0.00271225
0.00295412
0.00239757
0.00205382
0.0015189
0.000956995
0.000961924
0.00183159
0.00297194
0.00281535
0.0036717
0.00305135
0.0028721
0.00252915
0.0028312
0.00278989
0.00312034
0.00357223
0.00343073
0.00315317
0.00257886
0.00212315
0.00256817
0.00269504
0.00292455
0.00247383
0.00197065
0.00164388
0.00156847
0.00159492
0.00237837
0.00185565
0.00175802
0.00151449
0.00194157
0.00137723
0.00151187
0.00105872
0.00173965
0.00148121
0.0012958
0.00164121
0.00250346
0.00240985
0.00221914
0.0019419
0.00322942
0.00285457
0.00246063
0.00199594
0.00135902
0.00130329
0.00200007
0.00167084
0.00175563
0.00126319
0.00147344
0.000970282
0.00100259
0.00180264
0.00125453
0.000675481
0.000348711
0.000161362
0.000367708
0.000131034
0.000261821
4.35492e-05
0.000101492
0.000253846
0.000217875
0.000593672
0.000634646
0.000372035
0.000405169
8.45569e-05
0.000642501
0.000291377
0.000163195
0.000119335
0.000121068
0.000660401
0.00106487
0.00100534
0.00111339
0.000659141
0.000880729
0.000267354
0.00044827
0.000446219
0.000615724
0.000827764
0.000614366
0.000345192
0.000179017
4.28339e-05
0.000265363
0.000193213
0.000790343
0.000540195
0.00109679
0.00128322
0.000816894
0.000746568
0.000169636
0.000398724
0.000205247
0.000658558
0.000589456
0.0012079
0.000936358
0.00134809
0.00173291
0.00245797
0.00252954
0.00236293
0.00253659
0.00201218
0.00187199
0.00199704
0.00137985
0.00129449
0.000806737
0.000747577
0.00033138
0.00117318
0.00197178
0.00222523
0.00197698
0.00227452
0.00199956
0.00188933
0.00239905
0.0021749
0.00176601
0.00152235
0.00108719
0.00160878
0.00249553
0.00217127
0.00158637
0.00128352
0.00151765
0.0012755
0.00116001
0.00112875
0.00102007
0.000885528
0.000311226
0.000378108
0.000498536
0.000305298
0.000238122
6.00605e-05
0.000504797
0.00169945
0.00238652
0.00229312
0.00202093
0.00224868
0.00296288
0.00298792
0.00338122
0.00291146
0.00337298
0.00307452
0.00310291
0.0037943
0.00389252
0.00393543
0.00341205
0.00338646
0.00405568
0.00445893
0.00471553
0.00570598
0.00560236
0.00548915
0.0050309
0.00492912
0.00492779
0.00504389
0.005194
0.00498791
0.00470807
0.00420297
0.00494615
0.00461782
0.00423523
0.00411032
0.00368164
0.00337025
0.00358336
0.00379691
0.00342519
0.00422831
0.00393913
0.00368346
0.00371143
0.00388405
0.00346117
0.00304663
0.00328125
0.00275532
0.00239752
0.00196533
0.00194313
0.00157456
0.00171041
0.00148151
0.00153584
0.00103367
0.00203081
0.00190221
0.00132106
0.00127574
0.00149359
0.00168799
0.00238656
0.00227887
0.00238588
0.0021285
0.00329055
0.0032252
0.00309045
0.00256132
0.0024561
0.00221406
0.00309947
0.00257405
0.00245748
0.00246058
0.00325876
0.00346597
0.00371732
0.00383628
0.0047469
0.00454456
0.00428748
0.00484428
0.00513343
0.00483503
0.00424989
0.00415648
0.00422684
0.00446944
0.00503985
0.00528433
0.0047944
0.0042222
0.00402597
0.00346165
0.00375311
0.00358118
0.00424669
0.00402619
0.00397867
0.00398931
0.00380289
0.00340371
0.00345125
0.00292193
0.0030263
0.00381431
0.00380013
0.00344143
0.00341549
0.00319449
0.0029107
0.00273044
0.00263547
0.00369041
0.00360127
0.0032468
0.00283238
0.00271867
0.00226685
0.00226378
0.00227612
0.00265767
0.00240079
0.0024678
0.00197272
0.00162338
0.00143412
0.00196614
0.00204088
0.00305154
0.00283382
0.00241819
0.00313246
0.00271069
0.00250263
0.0030222
0.0025864
0.00203322
0.0019129
0.00146341
0.00148037
0.00117789
0.00195523
0.00179637
0.0012184
0.000826301
0.000601998
0.000958754
0.000831225
0.000364609
0.000222342
0.000176145
5.87467e-05
0.000286835
0.000643201
0.000682908
0.00106232
0.000878581
0.00104563
0.000971513
0.000451719
0.000221185
0.000800797
0.00173126
0.00182323
0.00158462
0.00182885
0.00140688
0.00120437
0.00147637
0.00136556
0.00185454
0.00261539
0.00255199
0.00217526
0.00218175
0.00179326
0.00162437
0.00194197
0.00219881
0.0022024
0.0032231
0.00268585
0.0024408
0.00209477
0.00174475
0.00233969
0.00229681
0.00210427
0.00203287
0.00289554
0.00252088
0.00282021
0.00233806
0.00225495
0.00240308
0.00229902
0.00216413
0.00201172
0.00144289
0.00118978
0.000669974
0.000662615
0.000735625
0.000506184
0.00111261
0.00151106
0.00133519
0.00204864
0.00194489
0.0019181
0.00189986
0.00176378
0.00231963
0.00242289
0.00270751
0.00347993
0.00304006
0.00250883
0.00232658
0.00206716
0.00188735
0.0021087
0.00216753
0.00174163
0.00263096
0.00334957
0.00424254
0.0042243
0.0050557
0.00542409
0.00513564
0.00545311
0.00556284
0.00570313
0.00544681
0.0052632
0.00521125
0.00523693
0.00492848
0.00445197
0.00506516
0.00537633
0.00518273
0.00522324
0.00549323
0.00563176
0.00533143
0.00492234
0.00492208
0.0046824
0.00433904
0.00454625
0.0040189
0.00398718
0.00444628
0.00538562
0.00497314
0.00490067
0.00496669
0.0048219
0.00465002
0.00444819
0.00464673
0.00455036
0.00458592
0.00421974
0.00471525
0.00415308
0.00414959
0.00379942
0.00362462
0.00338232
0.0029371
0.00281374
0.00312312
0.00304352
0.00266199
0.00244491
0.00223403
0.0021361
0.00217269
0.0023188
0.00215926
0.00170539
0.00178322
0.00153714
0.00182354
0.00221445
0.00199583
0.00178127
0.00233035
0.0028317
0.00251361
0.00228123
0.00200578
0.00285626
0.00256959
0.00268972
0.00283305
0.00254992
0.00323545
0.00410907
0.00388085
0.00335908
0.00347674
0.00326463
0.00287756
0.00265473
0.00243899
0.0019163
0.00202876
0.00199587
0.00150068
0.00146085
0.00119028
0.00108568
0.00052966
2.89493e-05
0.000107459
0.00049718
7.45842e-05
0.000423206
2.85774e-05
0.00013951
0.000133483
0.000246292
0.000170698
5.85064e-05
4.56314e-05
0.000579805
0.0010592
0.00114154
0.00160831
0.00163826
0.00172222
0.00133041
0.00104463
0.00126015
0.0013731
0.000664011
0.000115172
0.000621655
0.000572774
0.000964809
0.00133085
0.00139069
0.0016076
0.00178969
0.00223881
0.00271105
0.00278698
0.00315025
0.00232287
0.00236463
0.00258413
0.00270055
0.00291676
0.00299873
0.0030684
0.00322166
0.00343114
0.0036394
0.00415887
0.00435853
0.0046025
0.0050034
0.00531231
0.00492896
0.00518129
0.00530924
0.00546136
0.00586349
0.00531407
0.00537624
0.0053857
0.00496266
0.00493124
0.00549209
0.00577493
0.00583329
0.00630465
0.00639483
0.00629704
0.00661189
0.00571507
0.00592417
0.00612985
0.00651798
0.0067389
0.00716194
0.00679684
0.00711131
0.00730875
0.00718055
0.00700936
0.00708117
0.00693165
0.00710835
0.00699071
0.00725487
0.00693775
0.00627259
0.00556713
0.00573753
0.00589435
0.00604283
0.00625562
0.00671688
0.00680688
0.0067972
0.00670277
0.00608535
0.00583342
0.0062757
0.00639808
0.00594239
0.00613265
0.00591244
0.00564854
0.0061674
0.0067233
0.00689619
0.00688993
0.0070953
0.00757388
0.00780523
0.00809152
0.0086238
0.00879387
0.0089079
0.00823762
0.00800629
0.00806923
0.00789665
0.0075815
0.00702358
0.00718779
0.00691256
0.00687486
0.00718232
0.00723783
0.00710893
0.00716603
0.00675106
0.00698514
0.00663749
0.00636645
0.00596741
0.00606031
0.00613514
0.00653342
0.00696143
0.00711981
0.00732022
0.00682978
0.00726413
0.00769625
0.0074659
0.00785136
0.00822658
0.00874062
0.00801273
0.00830781
0.00828388
0.00817757
0.008377
0.00807223
0.00825893
0.00878771
0.00868358
0.00889802
0.00817875
0.0076468
0.0078126
0.00798445
0.00833505
0.00879768
0.00885842
0.00922682
0.00897669
0.00879545
0.00879739
0.00806147
0.00717741
0.00691177
0.00653826
0.00671329
0.00692525
0.00745244
0.00690098
0.00699238
0.00721967
0.00742902
0.00738768
0.00752068
0.00688602
0.00645023
0.00661682
0.0062884
0.00669192
0.00689951
0.00741783
0.00728376
0.00761992
0.00760148
0.0076675
0.00777879
0.00800752
0.00813513
0.00812538
0.00836864
0.00839359
0.00819752
0.00802982
0.00812447
0.00821492
0.00868222
0.00881412
0.0088839
0.00876187
0.00877333
0.00876683
0.00816485
0.00837277
0.00857289
0.00853393
0.00851653
0.00901151
0.00909958
0.00930331
0.00959486
0.0099664
0.00979074
0.00991406
0.00911945
0.00963966
0.0101487
0.010287
0.00963117
0.00928671
0.00937765
0.00913829
0.00959876
0.0100239
0.0102982
0.0104935
0.0102519
0.0105593
0.0106654
0.0106655
0.0106113
0.01051
0.0103868
0.0106857
0.0111437
0.0113264
0.0115354
0.0117097
0.0111948
0.0113293
0.0115607
0.0114019
0.0115093
0.0119309
0.0120704
0.0115708
0.0114959
0.0115818
0.0119711
0.011447
0.0106333
0.011144
0.0112954
0.0117152
0.0116513
0.0120544
0.0119504
0.0119783
0.0124359
0.0127644
0.0125273
0.0119226
0.0115452
0.0119899
0.0123974
0.0113431
0.0115516
0.0111936
0.0116285
0.011891
0.0118966
0.0117253
0.0118672
0.0122443
0.0124135
0.0126221
0.0126333
0.0118135
0.0120176
0.0121304
0.0123797
0.0121811
0.012535
0.0120628
0.0120007
0.0121075
0.0125915
0.0123493
0.0124406
0.0129284
0.0129378
0.0134041
0.0130735
0.012736
0.0128009
0.0130813
0.0132887
0.0136403
0.0137493
0.0137746
0.013838
0.0140995
0.0134791
0.0134656
0.0135522
0.0134181
0.0132679
0.0127549
0.0129898
0.0134327
0.013929
0.013846
0.0139667
0.0137571
0.0136686
0.013913
0.013769
0.0133395
0.0129187
0.0130563
0.0126226
0.0121625
0.0124622
0.0122854
0.0117296
0.0115898
0.0115468
0.0118613
0.0119066
0.0112943
0.0107992
0.0108178
0.0104752
0.0105666
0.0109039
0.0109743
0.0101711
0.010343
0.0106018
0.010612
0.0100022
0.0102414
0.00954098
0.00891953
0.00933608
0.00954514
0.00977954
0.00981004
0.00990479
0.00979069
0.00945155
0.00933107
0.00966311
0.0100064
0.00957016
0.00937979
0.00862442
0.00828986
0.00847277
0.00806779
0.00797253
0.00755687
0.00778123
0.0079328
0.00798087
0.00777579
0.00814112
0.00737035
0.00753057
0.00749189
0.00744093
0.00766357
0.00783026
0.00799595
0.00818567
0.0079396
0.00719484
0.00715276
0.00758761
0.00689325
0.00647952
0.00688193
0.00701844
0.00726982
0.00747234
0.00787744
0.00806149
0.00771462
0.0072644
0.00774747
0.00729681
0.00736371
0.00751402
0.00696953
0.00719157
0.00742786
0.00706428
0.00721458
0.00762435
0.0076664
0.00800186
0.00762473
0.00719011
0.00670129
0.0071914
0.00732525
0.00703011
0.00671826
0.00656945
0.0062135
0.00636066
0.00655562
0.00623484
0.00544531
0.00543669
0.00541223
0.00582626
0.00604316
0.0060878
0.00624306
0.00641874
0.00666697
0.00674443
0.00677576
0.00687787
0.00670245
0.00676688
0.00715575
0.00716532
0.00711056
0.00739856
0.00691232
0.00711387
0.00758994
0.00810613
0.00856989
0.00762107
0.00775456
0.00771771
0.00777363
0.00829703
0.00847345
0.00894119
0.0089246
0.00846962
0.00872507
0.00875902
0.00865816
0.00908653
0.00897777
0.0091239
0.00943287
0.00980033
0.0102423
0.0102483
0.00964873
0.00997283
0.0100614
0.0105452
0.0107548
0.0106184
0.0102296
0.0103584
0.00997513
0.00947554
0.0086045
0.00813046
0.00831996
0.00855051
0.0087804
0.00808163
0.00713168
0.00711884
0.0067415
0.00669334
0.00604714
0.00625682
0.00632308
0.00650267
0.00679497
0.00706622
0.00727445
0.00745502
0.00711725
0.00748466
0.00764701
0.0078502
0.00773133
0.00782342
0.00823319
0.00781146
0.00733653
0.00702928
0.00676036
0.00711591
0.00731173
0.00716909
0.00711812
0.00678913
0.00663392
0.0059021
0.00553272
0.00484011
0.00491044
0.00507127
0.00502362
0.00505025
0.0048669
0.0050367
0.00494807
0.00512629
0.00548368
0.00534986
0.00496207
0.0044477
0.00438893
0.00460004
0.00489907
0.00494913
0.00526377
0.00508112
0.0043218
0.00390218
0.00426087
0.00386439
0.00398836
0.0030577
0.00321901
0.0036938
0.00357961
0.00377307
0.00397349
0.00295305
0.00319932
0.00346877
0.00366185
0.00394845
0.00436549
0.00472624
0.00401083
0.00339615
0.0033092
0.00364292
0.00292776
0.0027315
0.00285206
0.00333277
0.00331605
0.00346496
0.00358622
0.00345779
0.00393006
0.00373964
0.00376653
0.00366097
0.0038516
0.00370978
0.00404712
0.00382729
0.00323374
0.0031132
0.00357284
0.00387151
0.00356823
0.00335948
0.00324877
0.00345022
0.00356174
0.00401837
0.00427497
0.00405173
0.00388634
0.00291776
0.00333846
0.00343927
0.00289717
0.00253652
0.00256939
0.00277232
0.00208693
0.00250235
0.00161284
0.00181361
0.00190199
0.00151397
0.00165847
0.0021251
0.00182082
0.00193471
0.0017067
0.00173043
0.00159324
0.00204126
0.00207878
0.00160594
0.00201027
0.00236885
0.00203044
0.00205437
0.00234532
0.00265061
0.00245799
0.00264307
0.00243948
0.00268873
0.00290836
0.00297981
0.00342589
0.00258515
0.00285088
0.00324402
0.00284643
0.00275412
0.00264945
0.00309075
0.00274962
0.00270945
0.00282005
0.00294698
0.00313196
0.00333484
0.0035126
0.0031997
0.00282144
0.00258191
0.00260968
0.00304921
0.00224296
0.00242958
0.00279234
0.00279548
0.00290017
0.003048
0.00302292
0.0026856
0.00247429
0.00217147
0.00242951
0.00171034
0.00136418
0.00128778
0.00108851
0.0011778
0.000484715
0.000330411
0.000236576
0.000256713
9.21481e-05
0.000141892
0.00059929
0.000614321
0.000179698
0.000251927
0.00054254
0.000254744
0.000240275
0.000151455
0.000149908
9.93102e-05
7.89302e-05
7.00941e-05
6.54753e-05
0.000119498
0.000468479
0.000745678
0.000718615
0.000993679
0.00119511
0.00162739
0.00165437
0.00214411
0.00204822
0.0024201
0.00250128
0.00254844
0.0025611
0.003055
0.00307781
0.00327028
0.00346672
0.0031092
0.00333914
0.00360648
0.00383451
0.00376576
0.00383327
0.00365948
0.00328844
0.00302043
0.00274451
0.00310929
0.00230583
0.00183521
0.00205445
0.00255103
0.0027375
0.00257829
0.00276452
0.00299797
0.00313322
0.00327403
0.00370994
0.00380718
0.0037887
0.00390668
0.00421962
0.00372271
0.00393487
0.00345999
0.00348025
0.00298868
0.00243484
0.00265646
0.00271971
0.0029797
0.00257032
0.00229554
0.00226588
0.00185529
0.00222884
0.0022006
0.00222868
0.00216781
0.00250539
0.00274461
0.00246034
0.00280778
0.0023678
0.00247169
0.00213739
0.00260588
0.0021933
0.00222291
0.00182427
0.00198966
0.00191089
0.00177732
0.00223612
0.00215289
0.00253915
0.00233898
0.00199836
0.0023515
0.00247285
0.00266105
0.00238874
0.00208317
0.00216807
0.00232093
0.0019788
0.00233059
0.00208769
0.0023328
0.00234251
0.00272215
0.00273747
0.00296685
0.00325421
0.00321444
0.00311356
0.00314386
0.00351927
0.00399858
0.0042192
0.00397607
0.00420625
0.00468557
0.00487964
0.00533465
0.00561478
0.00567204
0.00605531
0.0053353
0.00568408
0.00563622
0.0058861
0.00586036
0.00589874
0.00561278
0.00512438
0.00531534
0.00519872
0.00540678
0.00564422
0.00571268
0.00585986
0.00610054
0.00654033
0.00672362
0.00595064
0.00536038
0.00494543
0.0052868
0.0054598
0.00540941
0.00554948
0.00600218
0.00609236
0.00611187
0.00600107
0.00602021
0.00608387
0.00620003
0.00592096
0.00608225
0.00558412
0.00588501
0.00601595
0.00645298
0.00648734
0.00629286
0.00601916
0.00608332
0.00530248
0.00534319
0.00512006
0.00512795
0.00508762
0.00466506
0.00434589
0.00466892
0.00474701
0.00485582
0.00485712
0.00501531
0.00510232
0.00462402
0.00444136
0.00428745
0.00464295
0.00489447
0.00450404
0.00413628
0.00436484
0.00439234
0.00396412
0.00414909
0.00436298
0.0044076
0.00487696
0.00455178
0.00434749
0.00388648
0.00382324
0.00429411
0.00415943
0.00422921
0.00445777
0.00467409
0.00442429
0.00404958
0.00416978
0.00354546
0.00317555
0.00362151
0.00347929
0.00362427
0.00379818
0.00355579
0.00362099
0.00362542
0.00345371
0.00360542
0.00364469
0.00401643
0.00356132
0.00304388
0.00268741
0.00261035
0.00250589
0.00238903
0.00272705
0.00191851
0.00174489
0.000935454
0.000890641
0.000873977
0.000794714
0.000621336
2.46606e-05
0.000131926
9.4069e-05
9.52865e-05
0.000450428
0.000999432
0.00144859
0.00130341
0.00125208
0.00124903
0.0011299
0.00160794
0.00216558
0.00191114
0.00208186
0.00174436
0.00184997
0.00225293
0.00238512
0.00211251
0.00255914
0.00266476
0.00312458
0.0028418
0.00267294
0.00244397
0.00220314
0.001907
0.00158706
0.00114254
0.00143946
0.00131586
0.00132261
0.00120116
0.00106155
0.00154295
0.00171687
0.00156119
0.00146792
0.00171678
0.00182555
0.00258555
0.00327379
0.00373512
0.00393121
0.00345852
0.00338447
0.00411126
0.00405604
0.00398677
0.00374714
0.00423318
0.00430976
0.00402183
0.00400838
