0.508176
0.494643
0.509384
0.488355
0.473748
0.465291
0.467022
0.445153
0.423946
0.403956
0.420043
0.398459
0.3793
0.368635
0.374365
0.396754
0.417345
0.417869
0.435663
0.452295
0.430032
0.424029
0.443376
0.465811
0.488233
0.487626
0.475864
0.46194
0.446557
0.430936
0.447545
0.42978
0.423398
0.424972
0.446682
0.431038
0.410381
0.389435
0.378379
0.384286
0.36256
0.343006
0.320842
0.298805
0.286598
0.304685
0.29748
0.308995
0.287382
0.300914
0.280316
0.258878
0.236596
0.214307
0.198498
0.196684
0.205649
0.211959
0.190557
0.21287
0.212431
0.232974
0.214754
0.236485
0.258908
0.236906
0.245051
0.25345
0.238705
0.220069
0.198694
0.179145
0.170341
0.184193
0.164264
0.156603
0.149695
0.127556
0.107612
0.127479
0.112218
0.110998
0.0912558
0.0755562
0.0615701
0.0623581
0.0798962
0.092227
0.0877918
0.0668422
0.0559563
0.0336899
0.013601
0.0157378
0.032167
0.0145952
0.00532437
0.0268612
0.00798577
0.00212761
