1.54754
1.54795
1.54791
1.54794
1.54784
1.54803
1.54805
1.54786
1.54792
1.54803
1.54795
1.54794
1.548
1.54787
1.54789
1.54791
1.54792
1.54794
1.54799
1.54795
1.54785
1.54789
1.54788
1.5479
1.54789
1.54801
1.54791
1.5479
1.54786
1.54787
1.54789
1.54793
1.54797
1.5479
1.54792
1.54791
1.54793
1.54797
1.54788
1.54785
1.54789
1.54792
1.54785
1.54797
1.54794
1.54788
1.54797
1.5479
1.54793
1.54794
1.54793
1.54792
1.54792
1.54792
1.54793
1.54794
1.5479
1.54787
1.54791
1.54789
1.54797
1.5479
1.54789
1.54791
1.54793
1.54792
1.5479
1.5479
1.5479
1.54787
1.54786
1.54788
1.54788
1.5479
1.54791
1.54792
1.5479
1.5479
1.54791
1.54789
1.54792
1.54788
1.54791
1.5479
1.54791
1.5479
1.54789
1.54787
1.5479
1.5479
1.5479
1.54794
1.54791
1.54791
1.54792
1.54788
1.54787
1.54787
1.54794
