Mult-Congr:
0.831336
0.016728
0.994375
0.745081
0.120601
0.597182
0.171826
0.3423
0.209087
0.911116
0.0754347
0.585444
0.869606
0.761791
0.713531
0.719441
0.621274
0.61278
0.269219
0.759149
0.646996
0.707591
0.435824
0.0503857
0.0156336
0.978363
0.744534
0.682532
0.0838589
0.368619
0.759221
0.377689
0.952698
0.195077
0.0134514
0.481402
0.853763
0.173539
0.564688
0.679944
0.340168
0.733823
0.0406765
0.0691657
0.157134
0.248771
0.0530167
0.199903
0.667285
0.802317
0.852928
0.724951
0.705625
0.121613
0.104196
0.272602
0.739209
0.298221
0.64831
0.171736
0.206497
0.923367
0.136789
0.653489
0.911395
0.262259
0.405689
0.154469
0.346989
0.0924631
0.467309
0.346546
0.823963
0.831348
0.99407
0.518197
0.2787
0.577586
0.169594
0.932416
0.636078
0.691723
0.781966
0.78619
0.601954
0.540801
0.434181
0.396528
0.760323
0.0320569
0.74678
0.238065
0.850184
0.560673
0.427679
0.457219
0.0970732
0.996593
0.0841748
0.487913
0.474302
0.3354
0.652149
0.393862
0.768871
0.638262
0.317451
0.56242
0.327077
0.885932
0.804475
0.37499
0.354804
0.371815
0.90692
0.478997
0.647506
0.259098
0.13574
0.286423
0.624875
0.926942
0.359281
0.323903
0.545194
0.730732
0.310602
0.0593882
0.774382
0.801399
0.836993
0.830367
0.984725
0.508795
0.766668
0.49865
0.158291
0.214135
0.267655
0.456718
0.270038
0.936503
0.573869
0.610632
0.525609
0.558416
0.953375
0.964507
0.028805
0.195452
0.793835
0.431544
0.753762
0.354946
0.680148
0.496632
0.6968
0.508739
0.33927
0.355504
0.0829701
0.704999
0.327231
0.155464
0.502281
0.844093
0.333329
0.962668
0.85062
0.243538
0.976519
0.0809734
0.950358
0.116996
0.968988
0.34735
0.725642
0.592344
0.521917
0.0288504
0.807374
0.893806
0.868426
0.946149
0.442883
0.313139
0.778717
0.448635
0.585277
0.59489
0.942393
0.866075
0.0374855
0.360712
0.0929737
0.0618376
0.525994
0.19774
0.749591
0.712674
0.579258
0.0360402
0.450878
0.940069
0.0858093
0.440104
0.356043
0.918151
0.407051
0.439422
0.0881317
0.0831615
0.919737
0.523107
0.694474
0.569495
0.863137
0.423593
0.599325
0.497294
0.365896
0.31438
0.423683
0.736608
0.527577
0.0468581
0.547307
0.77312
0.429887
0.0511815
0.287916
0.300426
0.952602
0.526212
0.572568
0.163888
0.269166
0.543524
0.976245
0.281043
0.896986
0.690468
0.0026056
0.163573
0.177417
0.8773
0.481941
0.665842
0.0604215
0.933376
0.961306
0.584993
0.0689325
0.617404
0.961849
0.737612
0.317892
0.666759
0.978318
0.137943
0.462985
0.510862
0.0957639
0.902681
0.454052
0.273625
0.0984254
0.507313
0.9682
0.689951
0.945804
0.0190348
0.397595
0.561303
0.490924
0.931217
0.266937
0.375329
0.315786
0.224445
0.955636
0.71456
0.558998
0.279115
0.599659
0.0791579
0.610604
0.264594
0.0480807
0.748733
0.549092
0.629941
0.749309
0.308227
0.195597
0.321197
0.442005
0.462848
0.660286
0.350227
0.525687
0.76708
0.255931
0.340133
0.986025
0.892747
0.653674
0.672227
0.749822
0.0611412
0.155972
0.859564
0.344677
0.264215
0.961736
0.772042
0.738349
0.899836
0.298657
0.338061
0.23279
0.446103
0.297714
0.347747
0.287884
0.799722
0.484875
0.982733
0.14986
0.903452
0.764985
0.697513
0.159398
0.287607
0.772839
0.0773468
0.614426
0.150622
0.466441
0.297736
0.0625933
0.603681
0.837458
0.810456
0.898445
0.704411
0.613856
0.881157
0.140276
0.904635
0.829721
0.603522
0.261669
0.537187
0.137271
0.0149918
0.952733
0.966792
0.73606
0.939045
0.686015
0.0300073
0.79436
0.179053
0.962109
0.389227
0.237736
0.688683
0.109945
0.425746
0.77981
0.343876
0.516776
0.296893
0.0702069
0.941378
0.162838
0.782218
0.834694
0.0488427
0.335713
0.543749
0.882505
0.331485
0.399366
0.425307
0.855849
0.98031
0.49288
0.415883
0.596612
0.866893
0.03387
0.902084
0.00524545
0.0497302
0.901591
0.834634
0.266835
0.257149
0.174732
0.433941
0.319368
0.97178
0.298893
0.0597235
0.439178
0.74159
0.558754
0.869707
0.818586
0.342482
0.729934
0.892374
0.0107213
0.417457
0.78553
0.138782
0.116533
0.217333
0.532348
0.378439
0.588993
0.0680324
0.0518219
0.204253
0.529478
0.189428
0.82062
0.0115254
0.351346
0.490754
0.385935
0.516026
0.6857
0.967581
0.470467
0.436118
0.404333
0.325347
0.382092
0.963948
0.634868
0.454458
0.603213
0.650706
0.64308
0.381947
0.434809
0.330933
0.45741
0.324696
0.57016
0.710907
0.110663
0.469222
0.47327
0.246084
0.373893
0.103028
0.436967
0.932595
0.857481
0.722505
0.195701
0.637823
0.354393
0.742412
0.968023
0.595021
0.300633
0.431909
0.803749
0.687012
0.227876
0.702153
0.110822
0.143938
0.0832929
0.370461
0.236851
0.28008
0.291566
0.526029
0.98034
0.894732
0.434083
0.622221
0.906612
0.962147
0.420327
0.920414
0.343407
0.235539
0.0264494
0.91041
0.931181
0.39015
0.676033
0.332406
0.603083
0.330378
0.338038
0.425533
0.869625
0.285967
0.416945
0.0279508
0.283036
0.322267
0.51007
0.153508
0.956304
0.889543
0.907086
0.669966
0.0119114
0.0363579
0.706714
0.703785
0.835246
0.912013
0.425615
0.396468
0.00771232
0.183053
0.974463
0.637476
0.794521
0.98883
0.876205
0.398695
0.0621714
0.0611343
0.601511
0.295477
0.500618
0.632886
0.896412
0.999233
0.0251269
0.760889
0.977123
0.126596
0.232818
0.687643
0.467056
0.230141
0.788897
0.867231
0.951017
0.515673
0.617572
0.280252
0.0215945
0.911074
0.772657
0.662831
0.692733
0.111712
0.862871
0.274681
0.0554948
0.227413
0.906811
0.831236
0.05101
0.655999
0.492626
0.224839
0.235612
0.808383
0.117369
0.659997
0.413162
0.310232
0.581041
0.827701
0.00956275
0.305185
0.310322
0.743797
0.0644533
0.484643
0.486987
0.876435
0.7151
0.469114
0.856015
0.187569
0.0474696
0.166125
0.0883786
0.713524
0.189489
0.729691
0.573526
0.309627
0.521498
0.746356
0.516548
0.183894
0.878882
0.272784
0.215036
0.844789
0.621899
0.349924
0.390621
0.0880356
0.447692
0.618731
0.450207
0.6475
0.819483
0.662452
0.55189
0.135131
0.887968
0.700471
0.350559
0.894962
0.779884
0.258723
0.298193
0.396181
0.128774
0.441664
0.373839
0.790254
0.722935
0.430806
0.118282
0.257124
0.145557
0.834818
0.8484
0.765458
0.282045
0.51618
0.926206
0.871968
0.569529
0.519413
0.957578
0.184787
0.863568
0.725858
0.79568
0.115912
0.797035
0.860028
0.224063
0.547707
0.506188
0.472514
0.194461
0.0384696
0.598935
0.524463
0.494273
0.192062
0.240283
0.198608
0.718727
0.816598
0.229974
0.561868
0.422736
0.497201
0.947309
0.704508
0.327445
0.207819
0.0381599
0.980863
0.456458
0.587102
0.719169
0.976619
0.0767543
0.503347
0.574136
0.827667
0.319299
0.533497
0.717591
0.515506
0.354333
0.981212
0.200558
0.764222
0.996353
0.0589952
0.533502
0.164018
0.613781
0.859386
0.201468
0.146317
0.218317
0.740212
0.0464039
0.435416
0.608987
0.748908
0.391671
0.601714
0.445869
0.710891
0.783747
0.341494
0.128512
0.607006
0.226107
0.108272
0.354043
0.865028
0.780305
0.720707
0.229957
0.190227
0.409229
0.572073
0.816602
0.56
0.937554
0.0662957
0.974342
0.00755914
0.00437579
0.905548
0.390416
0.819687
0.88304
0.854411
0.66048
0.773555
0.0431485
0.605598
0.299836
0.0375983
0.329762
0.372238
0.559352
0.36146
0.634785
0.831725
0.921066
0.179996
0.935541
0.0461236
0.148481
0.256337
0.575534
0.984149
0.766542
0.489022
0.662398
0.269698
0.846309
0.508187
0.458032
0.781943
0.969307
0.685822
0.635928
0.732002
0.246572
0.185082
0.280678
0.841149
0.267381
0.67367
0.504676
0.245612
0.852671
0.32628
0.557004
0.752908
0.488142
0.741096
0.299509
0.0747646
0.312053
0.39536
0.925059
0.661584
0.532699
0.265006
0.792996
0.763482
0.150581
0.233341
0.256774
0.342886
0.860263
0.913811
0.358779
0.463695
0.00691149
0.511807
0.267345
0.782
0.472529
0.350552
0.330949
0.763371
0.366869
0.686036
0.624602
0.251706
0.398046
0.436023
0.863421
0.0146377
0.797822
0.448119
0.55839
0.890509
0.676594
0.931896
0.28931
0.161906
0.683055
0.680091
0.969937
0.780759
0.843557
0.70385
0.980305
0.0699996
0.456147
0.907053
0.0412357
0.526783
0.914302
0.424688
0.706043
0.352275
0.335345
0.250297
0.344414
0.333
0.86855
0.777472
0.493487
0.698751
0.557937
0.880431
0.451112
0.582057
0.634751
0.15864
0.986299
0.704229
0.114631
0.970506
0.0418569
0.912946
0.574464
0.881134
0.304215
0.196423
0.983928
0.149138
0.515436
0.79913
0.466725
0.877525
0.402418
0.0640807
0.866495
0.453634
0.098276
0.626674
0.992427
0.90314
0.930919
0.585111
0.419545
0.783119
0.453813
0.272362
0.718694
0.239181
0.593926
0.254707
0.991206
0.851658
0.79187
0.181828
0.583256
0.895858
0.00922074
0.113472
0.854901
0.641384
0.478033
0.947676
0.87882
0.315508
0.0675359
0.575546
0.94372
0.355618
0.143024
0.38761
0.737452
0