Makl-Mars:
0.403266
0.0430655
0.167282
0.247594
0.825984
0.163637
0.402245
0.936825
0.882132
0.092193
0.819905
0.0255685
0.662077
0.637038
0.272463
0.635019
0.92194
0.171978
0.442493
0.218711
0.351163
0.169685
0.732017
0.103886
0.281398
0.442955
0.424451
0.0492077
0.378084
0.0918753
0.55682
0.251946
0.853182
0.0249599
0.320951
0.775156
0.386978
0.452095
0.13419
0.727785
0.150928
0.871813
0.215848
0.908613
0.881406
0.533066
0.668466
0.988727
0.114421
0.249584
0.538202
0.544741
0.141361
0.486024
0.0798412
0.318598
0.195865
0.0223285
0.631565
0.311596
0.723874
0.0694243
0.277876
0.572949
0.548564
0.309857
0.620776
0.510295
0.406622
0.209326
0.751937
0.474198
0.97088
0.0516985
0.756917
0.819509
0.632993
0.292693
0.750265
0.570005
0.072981
0.558612
0.860995
0.43971
0.898041
0.706295
0.479857
0.285643
0.236385
0.467004
0.753055
0.546621
0.578003
0.588486
0.847932
0.0571096
0.388003
0.472235
0.074572
0.216438
0.840553
0.1969
0.636411
0.331459
0.891061
0.981787
0.262426
0.0809433
0.870305
0.146914
0.168325
0.416726
0.870518
0.0638077
0.299548
0.361087
0.44813
0.00599773
0.186609
0.545039
0.237802
0.840978
0.357125
0.821037
0.164465
0.70633
0.822857
0.631219
0.722458
0.513818
0.355727
0.260208
0.45501
0.043635
0.528429
0.184983
0.566597
0.0431394
0.141697
0.0480968
0.889666
0.518232
0.638565
0.998051
0.965221
0.461599
0.589229
0.985125
0.44576
0.0955828
0.907357
0.671314
0.329889
0.631803
0.855624
0.743485
0.670105
0.995387
0.25534
0.751248
0.497217
0.51168
0.650766
0.44652
0.975055
0.612706
0.407941
0.250319
0.422918
0.479196
0.729076
0.13422
0.570209
0.525388
0.0476865
0.44205
0.237046
0.216409
0.0691947
0.680456
0.999961
0.695744
0.160568
0.225925
0.359168
0.680637
0.278215
0.631446
0.672404
0.0913004
0.243186
0.499319
0.847722
0.041253
0.739606
0.187063
0.659356
0.967455
0.531997
0.885951
0.472939
0.741142
0.556834
0.354195
0.775015
0.994628
0.450766
0.715584
0.0541263
0.439329
0.503582
0.879244
0.666632
0.230741
0.694978
0.427464
0.570584
0.862315
0.315867
0.962045
0.879682
0.219751
0.468133
0.516083
0.508054
0.505052
0.764554
0.995357
0.428035
0.429734
0.456905
0.104319
0.603918
0.712728
0.96065
0.0717702
0.983575
0.279525
0.903034
0.393698
0.805624
0.655241
0.706696
0.0201232
0.949456
0.0345679
0.564186
0.0582892
0.702716
0.837054
0.205575
0.327609
0.431654
0.18332
0.0141455
0.384557
0.170934
0.51747
0.560075
0.568192
0.0710932
0.972921
0.363792
0.874551
0.877801
0.286697
0.958712
0.400286
0.0450134
0.38377
0.707668
0.161072
0.224771
0.82051
0.622712
0.0121854
0.646546
0.875101
0.892284
0.896362
0.83342
0.164343
0.352004
0.263027
0.636214
0.310408
0.341961
0.845536
0.506105
0.932542
0.674427
0.98971
0.690063
0.600423
0.409773
0.577843
0.388361
0.192153
0.0715051
0.531168
0.838286
0.55848
0.698313
0.376616
0.515843
0.387699
0.907149
0.437911
0.158436
0.805201
0.408398
0.506685
0.801691
0.569208
0.78491
0.988392
0.0842741
0.272388
0.702794
0.712248
0.713389
0.0986151
0.665807
0.311282
0.723332
0.677294
0.51807
0.616376
0.602133
0.422176
0.971374
0.937615
0.783545
0.366713
0.521638
0.227403
0.975784
0.176797
0.997418
0.631928
0.878555
0.818028
0.639967
0.369107
0.600982
0.811852
0.0661527
0.574324
0.939627
0.201214
0.716898
0.864402
0.183217
0.466349
0.44284
0.0458184
0.782083
0.0715543
0.706197
0.31813
0.853319
0.981592
0.441426
0.951167
0.986553
0.592772
0.559626
0.41072
0.0696226
0.749848
0.562906
0.612942
0.194653
0.389666
0.459146
0.364786
0.706071
0.433077
0.219445
0.072488
0.521349
0.742363
0.937128
0.449488
0.768816
0.5376
0.120707
0.352025
0.354239
0.653407
0.756186
0.815737
0.836144
0.941542
0.357212
0.472658
0.705153
0.961408
0.340873
0.211601
0.298645
0.861525
0.211145
0.881389
0.0236638
0.01943
0.0157974
0.76388
0.599842
0.346414
0.314485
0.919843
0.265333
0.422699
0.138175
0.03136
0.731074
0.0354379
0.151309
0.0844688
0.961817
0.875653
0.345863
0.929395
0.612929
0.955536
0.937474
0.732316
0.169232
0.0589925
0.338689
0.0616836
0.408095
0.362183
0.154238
0.521878
0.886346
0.0910968
0.954915
0.582224
0.36905
0.102509
0.350546
0.0794754
0.920633
0.588326
0.46562
0.0623481
0.1886
0.963042
0.605706
0.624128
0.774492
0.0893669
0.645468
0.621749
0.210792
0.9033
0.17663
0.203363
0.413989
0.358173
0.172138
0.685471
0.0820823
0.603693
0.995432
0.153677
0.315498
0.587629
0.758556
0.867673
0.595256
0.104395
0.958604
0.79734
0.277221
0.606262
0.751098
0.498994
0.229244
0.128709
0.0908808
0.0984644
0.167728
0.875858
0.834925
0.31312
0.00155227
0.618012
0.377642
0.207454
0.666324
0.704257
0.479546
0.767477
0.291293
0.543258
0.315695
0.0837509
0.304721
0.585196
0.270923
0.230934
0.615223
0.804682
0.894966
0.0472417
0.0502342
0.565867
0.451862
0.97552
0.0230646
0.363758
0.297082
0.176495
0.0276906
0.933394
0.63571
0.803659
0.716328
0.50328
0.128074
0.615351
0.668723
0.345624
0.107183
0.859351
0.0821674
0.117295
0.124782
0.947993
0.865315
0.520143
0.860969
0.526553
0.018975
0.895714
0.191737
0.256251
0.090797
0.0121086
0.6883
0.318759
0.597539
0.12173
0.86458
0.914166
0.969915
0.218952
0.248412
0.364156
0.746484
0.907246
0.843044
0.683175
0.968675
0.675264
0.898861
0.304384
0.380237
0.341026
0.437256
0.994554
0.560429
0.95901
0.137789
0.532628
0.582516
0.450738
0.956402
0.960041
0.582173
0.212766
0.999454
0.677405
0.179649
0.0404908
0.835999
0.631733
0.569201
0.568236
0.475363
0.0819847
0.420167
0.378088
0.751437
0.230304
0.0886852
0.33764
0.0272331
0.519675
0.848815
0.182775
0.699169
0.205081
0.693394
0.0247891
0.958334
0.451966
0.688411
0.64091
0.380191
0.637099
0.170033
0.728741
0.0367111
0.130903
0.736543
0.719918
0.069468
0.865719
0.703886
0.810764
0.806674
0.86182
0.922343
0.2002
0.232647
0.258276
0.960649
0.667554
0.943733
0.57451
0.870238
0.787315
0.549838
0.176187
0.979109
0.774892
0.866113
0.372574
0.154773
0.0949941
0.67537
0.399914
0.0845815
0.471595
0.744025
0.971739
0.581755
0.732395
0.887805
0.358158
0.158401
0.925813
0.695785
0.975574
0.814788
0.181597
0.390866
0.90996
0.753774
0.566214
0.33255
0.106497
0.861226
0.489387
0.643998
0.46597
0.202001
0.616234
0.524474
0.669819
0.920597
0.60461
0.922146
0.00951966
0.803296
0.651876
0.835133
0.854316
0.312396
0.281948
0.829104
0.277074
0.830078
0.906648
0.938304
0.892292
0.598967
0.596958
0.55371
0.470791
0.202831
0.321697
0.564404
0.297361
0.95329
0.593675
0.494498
0.2294
0.274857
0.735215
0.91776
0.613428
0.0258099
0.206833
0.371093
0.218464
0.98324
0.17708
0.9927
0.647891
0.907957
0.482406
0.127246
0.740618
0.0101968
0.350181
0.536029
0.460485
0.256359
0.906182
0.705909
0.557382
0.425946
0.847917
0.709851
0.920184
0.983633
0.0925751
0.672624
0.699675
0.345596
0.274285
0.761334
0.136677
0.548695
0.502294
0.239546
0.0237388
0.422614
0.806374
0.12825
0.369466
0.262005
0.924759
0.517588
0.843724
0.595166
0.420866
0.441378
0.994866
0.327589
0.350739
0.128915
0.874761
0.286955
0.853516
0.46016
0.3916
0.188651
0.477062
0.805164
0.561643
0.362757
0.988724
0.626751
0.45871
0.552666
0.0308629
0.530027
0.515637
0.274702
0.232431
0.527692
0.0831655
0.546831
0.528226
0.27993
0.228084
0.995756
0.764995
0.212299
0.889988
0.335446
0.708066
0.223175
0.618354
0.025733
0.657725
0.958065
0.19959
0.0163315
0.34313
0.621913
0.355382
0.603608
0.0186827
0.649572
0.810221
0.20676
0.0545343
0.879274
0.12938
0.994931
0.278187
0.498787
0.390186
0.00431237
0.336011
0.387332
0.595586
0.524662
0.203268
0.840756
0.988483
0.604616
0.0966338
0.691659
0.899205
0.557065
0.585639
0.914143
0.197927
0.504221
0.816806
0.849986
0.521271
0.559833
0.095631
0.523679
0.805837
0.482158
0.964881
0.506391
0.108845
0.686188
0.59039
0.225688
0.691271
0.317349
0.704247
0.398277
0.986904
0.501113
0.935587
0.0536344
0.305863
0.414372
0.791048
0.517017
0.420671
0.612001
0.735182
0.159085
0.126096
0.0972754
0.930653
0.209667
0.498516
0.527332
0.249501
0.717686
0.236999
0.626168
0.838284
0.467492
0.983801
0.68018
0.764523
0.516019
0.956296
0.157789
0.809308
0.0957136
0.475434
0.70018
0.802121
0.897598
0.184887
0.574355
0.985093
0.0105531
0.432833
0.362064
0.00532663
0.0370761
0.194568
0.912222
0.426569
0.185618
0.972892
0.239314
0.681514
0.513216
0.0789361
0.140166
0.799699
0.77145
0.823934
0.599486
0.0409141
0.344686
0.0808759
0.731464
0.279716
0.0557804
0.839115
0.599867
0.530837
0.00414014
0.33418
0.708724
0.680906
0.325508
0.125177
0.