Makl-Mars:
0.023385
0.556483
0.800319
0.966873
0.0822731
0.104413
0.00316812
0.73029
0.766703
0.356936
0.498858
0.584318
0.776475
0.0913759
0.564156
0.834229
0.118806
0.430343
0.080382
0.611321
0.72696
0.521439
0.698174
0.681844
0.161801
0.0856624
0.585784
0.226078
0.149598
0.829976
0.889965
0.496008
0.875029
0.238731
0.130617
0.716851
0.256846
0.343616
0.698472
0.55494
0.369328
0.943843
0.706281
0.952084
0.694201
0.138804
0.522935
0.097735
0.189088
0.237637
0.928085
0.868286
0.98467
0.324339
0.976652
0.373483
0.655
0.269972
0.603984
0.880887
0.685036
0.647687
0.717295
0.754636
0.0653995
0.1704
0.967122
0.966738
0.131306
0.957641
0.638933
0.552873
0.316624
0.724398
0.282765
0.733323
0.380037
0.722921
0.605734
0.154281
0.561175
0.936895
0.329945
0.454035
0.737786
0.723074
0.0624147
0.217303
0.0343424
0.15777
0.900917
0.411573
0.433757
0.564398
0.0702552
0.0656124
0.607082
0.506925
0.870203
0.795303
0.223782
0.656736
0.330437
0.735445
0.731309
0.267107
0.757783
0.504585
0.867268
0.479256
0.590489
0.869009
0.10738
0.701195
0.384132
0.525401
0.337274
0.435738
0.771626
0.0428014
0.0648686
0.7149
0.163969
0.581858
0.529399
0.209206
0.224452
0.915384
0.589477
0.186027
0.328708
0.00673248
0.491018
0.853967
0.946218
0.320566
0.962179
0.314176
0.856313
0.103529
0.638164
0.254279
0.143671
0.859636
0.836855
0.0705487
0.504879
0.418212
0.302538
0.433405
0.59763
0.00676871
0.251819
0.178698
0.542004
0.296985
0.490862
0.734978
0.444434
0.356036
0.0609038
0.161435
0.283332
0.526882
0.381445
0.84764
0.754148
0.469048
0.735436
0.171205
0.31872
0.935724
0.123745
0.902513
0.412835
0.566623
0.213451
0.934686
0.0039757
0.714355
0.170183
0.22489
0.978674
0.414627
0.0354823
0.247369
0.963951
0.0598337
0.97905
0.101733
0.0583842
0.126855
0.215878
0.0290493
0.825179
0.43712
0.733687
0.226805
0.417042
0.417767
0.629879
0.218735
0.737327
0.824102
0.858909
0.53119
0.744063
0.887598
0.606324
0.174653
0.780953
0.43886
0.751595
0.959158
0.409387
0.661392
0.644076
0.737286
0.711348
0.445705
0.361358
0.739304
0.387085
0.88523
0.600166
0.760492
0.571215
0.405724
0.585433
0.720484
0.961821
0.279628
0.860806
0.565756
0.517562
0.196982
0.495576
0.464944
0.642826
0.815194
0.156063
0.00629393
0.382136
0.84785
0.707691
0.911915
0.87419
0.204394
0.0302318
0.979
0.528487
0.0182196
0.871591
0.829054
0.824297
0.831548
0.907025
0.367417
0.138493
0.721091
0.42144
0.685077
0.278031
0.541109
0.450972
0.301487
0.0274557
0.676884
0.742686
0.943837
0.248415
0.689042
0.143241
0.770174
0.933672
0.494565
0.820048
0.77498
0.0317907
0.333329
0.300488
0.278755
0.488428
0.919505
0.371643
0.190928
0.00291402
0.684519
0.185376
0.574436
0.998861
0.355344
0.664002
0.470775
0.716077
0.980128
0.305828
0.0630475
0.276573
0.98954
0.903601
0.43052
0.879828
0.387203
0.677545
0.7429
0.00853394
0.0368705
0.468807
0.954041
0.661846
0.143521
0.39069
0.395926
0.490075
0.677245
0.66081
0.859233
0.777497
0.235546
0.132921
0.9625
0.23489
0.0101974
0.64413
0.739127
0.0237888
0.239525
0.0732637
0.483358
0.379106
0.367818
0.774457
0.954551
0.305485
0.27396
0.277868
0.666702
0.0512261
0.577418
0.245474
0.507372
0.532361
0.0913097
0.516388
0.423351
0.815556
0.69184
0.814832
0.282026
0.843026
0.17153
0.753192
0.0484857
0.853198
0.523994
0.458236
0.691616
0.538324
0.952521
0.679617
0.624227
0.110492
0.339089
0.0172611
0.938648
0.0771889
0.876861
0.650936
0.818634
0.466417
0.539073
0.513083
0.599308
0.523944
0.70644
0.518797
0.416922
0.918461
0.65686
0.664612
0.368936
0.0523847
0.340446
0.66934
0.781901
0.491492
0.647061
0.271282
0.553172
0.212199
0.349153
0.705046
0.568278
0.749473
0.142219
0.361757
0.217259
0.254455
0.160194
0.723891
0.7372
0.100787
0.79495
0.451483
0.68764
0.047755
0.385845
0.46288
0.641164
0.877503
0.879173
0.385633
0.987778
0.356575
0.76709
0.260811
0.80421
0.839141
0.972887
0.300963
0.484025
0.880737
0.923134
0.0451095
0.126324
0.543049
0.922375
0.790655
0.86656
0.629918
0.29345
0.232052
0.746854
0.207534
0.154228
0.215179
0.15084
0.373146
0.0787966
0.375984
0.866485
0.196462
0.459345
0.940386
0.891225
0.687363
0.153577
0.241705
0.997955
0.492769
0.748111
0.886507
0.506902
0.856539
0.319326
0.715318
0.266901
0.470289
0.649292
0.00343031
0.478653
0.0982724
0.769914
0.520969
0.221127
0.591841
0.519701
0.908152
0.265997
0.600315
0.597169
0.00780194
0.225285
0.359375
0.0795788
0.704527
0.785455
0.216722
0.216282
0.560611
0.735255
0.616907
0.422124
0.290067
0.571281
0.830083
0.664917
0.51236
0.671021
0.268654
0.4024
0.547547
0.103937
0.785751
0.795875
0.853975
0.801156
0.628085
0.151987
0.931279
0.441469
0.77428
0.440812
0.178957
0.602875
0.841095
0.957123
0.761627
0.980611
0.324177
0.704892
0.687954
0.777011
0.00423159
0.71977
0.106301
0.669989
0.0616371
0.371988
0.553604
0.944801
0.0733148
0.953511
0.179059
0.75802
0.0451787
0.265899
0.850873
0.852219
0.906083
0.708532
0.927399
0.58409
0.482472
0.957328
0.685842
0.421751
0.0181139
0.977251
0.17558
0.251965
0.300558
0.110437
0.148751
0.117085
0.694475
0.617427
0.74701
0.475231
0.95966
0.83766
0.323319
0.664973
0.845105
0.922405
0.436833
0.265251
0.826893
0.0877889
0.0451767
0.638677
0.159262
0.816644
0.0905686
0.487329
0.584217
0.951325
0.119353
0.172849
0.61784
0.450616
0.368941
0.265812
0.780778
0.0624609
0.469918
0.763204
0.021238
0.629924
0.153951
0.203646
0.32448
0.270043
0.951071
0.00877622
0.175863
0.0368756
0.401582
0.674033
0.234733
0.981802
0.890241
0.996866
0.953735
0.220803
0.571065
0.00977504
0.677438
0.655578
0.575305
0.433781
0.754199
0.520306
0.872489
0.382911
0.488434
0.659433
0.296354
0.691642
0.216133
0.0755175
0.999276
0.473493
0.589251
0.511923
0.419095
0.468453
0.0797477
0.640015
0.665644
0.880369
0.22579
0.505226
0.753501
0.991728
0.311567
0.520907
0.353123
0.375342
0.303729
0.613453
0.67059
0.288638
0.0938751
0.148017
0.770093
0.878376
0.35726
0.0231441
0.79382
0.619365
0.613374
0.520308
0.980859
0.616548
0.372675
0.0410432
0.33688
0.317329
0.873424
0.11083
0.834716
0.4446
0.0232172
0.509952
0.0749642
0.150484
0.556968
0.655506
0.869089
0.657898
0.664697
0.621806
0.455385
0.384396
0.601808
0.771838
0.580268
0.533796
0.595135
0.204921
0.575673
0.896371
0.439052
0.880489
0.958321
0.0155291
0.805762
0.496897
0.310882
0.316368
0.889758
0.856115
0.497375
0.0587248
0.710884
0.0997472
0.348177
0.79264
0.281879
0.879795
0.0589154
0.761323
0.412432
0.933759
0.854907
0.965433
0.179605
0.661531
0.86095
0.611424
0.726768
0.926411
0.690819
0.740765
0.785396
0.651211
0.0632579
0.646394
0.460329
0.903933
0.458077
0.774531
0.845587
0.631481
0.0696756
0.726227
0.312628
0.941269
0.309656
0.846128
0.294278
0.429535
0.7894
0.447493
0.430364
0.604096
0.685132
0.254402
0.551444
0.024599
0.886218
0.76964
0.329984
0.710106
0.643742
0.524832
0.320077
0.55542
0.10676
0.574947
0.828505
0.779016
0.794657
0.521089
0.895368
0.6372
0.11953
0.0967086
0.548552
0.111929
0.598424
0.645221
0.322857
0.00191654
0.664708
0.226099
0.762202
0.972156
0.28503
0.868574
0.356358
0.751669
0.830868
0.202325
0.0469361
0.408266
0.0602054
0.130709
0.34184
0.67618
0.780651
0.327563
0.269817
0.374844
0.653025
0.665186
0.101391
0.96537
0.562748
0.0810225
0.732817
0.691667
0.0595785
0.833829
0.75134
0.991963
0.932664
0.801398
0.446694
0.158506
0.454504
0.115075
0.29963
0.394113
0.940736
0.795254
0.733552
0.573774
0.682852
0.383505
0.398318
0.113932
0.938164
0.257907
0.292654
0.46218
0.968638
0.394376
0.652934
0.0503463
0.847482
0.465378
0.125539
0.49808
0.0482377
0.258271
0.0902846
0.499486
0.835469
0.133995
0.403883
0.486982
0.661127
0.65895
0.262534
0.158451
0.360532
0.202295
0.708272
0.900266
0.421768
0.690973
0.446881
0.983665
0.885051
0.741677
0.367946
0.467897
0.619616
0.789201
0.861372
0.302697
0.564415
0.0599968
0.204992
0.322087
0.301031
0.0721342
0.212105
0.0980896
0.232597
0.907123
0.870853
0.782305
0.53957
0.293255
0.365962
0.733077
0.922101
0.725355
0.0385476
0.777249
0.318127
0.772341
0.469603
0.18741
0.0732198
0.658935
0.84723
0.628377
0.883758
0.132182
0.264149
0.810774
0.851868
0.476462
0.0670506
0.118192
0.569174
0.218275
0.551499
0.655466
0.164467
0.0839643
0.17121
0.80132
0.495529
0.453039
0.0464644
0.841556
0.205355
0.174875
0.730165
0.68438
0.458924
0.626799
0.576377
0.691422
0.845376
0.358038
0.533739
0.461374
0.110187
0.947734
0.000507279
0.38708
0.23398
0.