Mult-Congr:
0.509768
0.611493
0.90178
0.583051
0.87351
0.997258
0.819855
0.162371
0.271104
0.97592
0.746043
0.646402
0.169637
0.852114
0.36797
0.658398
0.348484
0.303675
0.581297
0.816151
0.817764
0.837205
0.615213
0.503964
0.182109
0.2827
0.915734
0.746183
0.574745
0.952242
0.911818
0.8073
0.286888
0.0877541
0.789288
0.143606
0.217449
0.222815
0.397572
0.331421
0.268059
0.0835381
0.414254
0.596874
0.808392
0.653515
0.892436
0.572254
0.33682
0.0278184
0.315916
0.903916
0.461359
0.681066
0.287172
0.336759
0.325949
0.774553
0.97317
0.900257
0.607029
0.127442
0.433969
0.821059
0.205433
0.477017
0.959152
0.787146
0.7586
0.652999
0.537065
0.188558
0.0980901
0.290926
0.581862
0.959677
0.777417
0.709594
0.0433747
0.648074
0.795195
0.577562
0.0247851
0.33492
0.638592
0.993716
0.033114
0.0319587
0.772104
0.606899
0.987522
0.180041
0.696632
0.399605
0.110424
0.874223
0.703882
0.760727
0.826412
0.440428
0.451065
0.472381
0.793997
0.988665
0.480925
0.235778
0.195156
0.567818
0.812062
0.36117
0.4077
0.546992
0.724586
0.24685
0.185444
0.848421
0.866064
0.272224
0.471202
0.656945
0.8028
0.729932
0.967581
0.231042
0.141407
0.422049
0.590598
0.440427
0.345709
0.54533
0.931106
0.655211
0.373945
0.490532
0.849032
0.611626
0.261289
0.180791
0.325426
0.879306
0.772679
0.574063
0.697326
0.555139
0.250969
0.954629
0.400433
0.808676
0.785378
0.63866
0.3446
0.9041
0.825264
0.718849
0.0471337
0.323768
0.364204
0.473096
0.648904
0.618302
0.819393
0.0622712
0.938273
0.608253
0.731343
0.142023
0.507834
0.562322
0.408909
0.0136598
0.16896
0.977147
0.64462
0.939094
0.749166
0.58365
0.625322
0.244843
0.397289
0.204943
0.163134
0.840096
0.521473
0.090808
0.371722
0.773843
0.484971
0.353727
0.912876
0.456066
0.184757
0.131481
0.938409
0.167995
0.637953
0.10131
0.852358
0.486422
0.701068
0.970637
0.018512
0.247079
0.0470473
0.569351
0.538236
0.672084
0.525135
0.168656
0.22362
0.286439
0.0285523
0.65148
0.890934
0.248602
0.994984
0.159451
0.0994012
0.720111
0.664881
0.841427
0.460274
0.89928
0.222571
0.328597
0.641233
0.343948
0.945185
0.561142
0.191094
0.208301
0.484398
0.591454
0.309824
0.0187444
0.405977
0.988924
0.688878
0.613851
0.112147
0.47129
0.54684
0.87336
0.271762
0.387545
0.985381
0.861247
0.883298
0.677412
0.790528
0.00784762
0.0956535
0.932375
0.804249
0.956056
0.911759
0.183283
0.991343
0.696575
0.900007
0.039505
0.326651
0.617229
0.0384871
0.804654
0.627572
0.0913513
0.817039
0.193875
0.456899
0.230217
0.722116
0.277686
0.220959
0.424553
0.229456
0.277396
0.588074
0.300101
0.429579
0.837073
0.352329
0.712248
0.411077
0.39708
0.867653
0.404717
0.526737
0.294172
0.177215
0.957321
0.667459
0.213158
0.963131
0.647778
0.669
0.615122
0.441483
0.852595
0.976522
0.767211
0.327649
0.612002
0.691955
0.998976
0.996953
0.983963
0.129175
0.810291
0.965617
0.812237
0.00198983
0.455818
0.817031
0.533509
0.369941
0.631049
0.698338
0.648582
0.466917
0.884896
0.512326
0.482631
0.537579
0.383858
0.929637
0.859518
0.8066
0.65274
0.346282
0.315171
0.705714
0.91694
0.911481
0.475027
0.48358
0.671293
0.7508
0.220535
0.323457
0.100487
0.50961
0.269723
0.0936957
0.97603
0.34186
0.796824
0.856034
0.65479
0.469155
0.715971
0.256714
0.804089
0.435152
0.253951
0.925408
0.478364
0.180268
0.437018
0.00695261
0.172391
0.0616975
0.116774
0.950905
0.47607
0.943746
0.160111
0.683903
0.955769
0.483474
0.428215
0.289842
0.887241
0.736655
0.16963
0.32286
0.465091
0.209043
0.452389
0.878145
0.113811
0.477955
0.260205
0.545543
0.525383
0.50917
0.877726
0.370983
0.0484326
0.794127
0.189849
0.950721
0.0539575
0.432455
0.5201
0.783384
0.902608
0.284795
0.633075
0.00484017
0.138539
0.320954
0.525947
0.630868
0.534813
0.288354
0.634028
0.432648
0.615383
0.825806
0.0753993
0.570064
0.278619
0.147591
0.559605
0.107816
0.14741
0.422855
0.585402
0.539344
0.270822
0.975316
0.552582
0.443569
0.802322
0.42828
0.412844
0.39944
0.279564
0.919981
0.48474
0.283304
0.130733
0.514215
0.0576777
0.074074
0.0324599
0.931308
0.409988
0.291222
0.744291
0.724376
0.86605
0.19058
0.0447235
0.0259138
0.517489
0.842949
0.393805
0.989686
0.233424
0.220531
0.94729
0.0529355
0.584786
0.416161
0.547368
0.143902
0.307701
0.120362
0.314943
0.959654
0.930925
0.481209
0.468486
0.439234
0.192352
0.472
0.994439
0.557118
0.869579
0.891748
0.794196
0.56198
0.649538
0.123481
0.932631
0.785775
0.66218
0.775355
0.613199
0.148138
0.303236
0.329581
0.504595
0.481088
0.971033
0.924161
0.0439782
0.799044
0.342367
0.39244
0.341755
0.639166
0.81245
0.68547
0.312929
0.596988
0.723914
0.802184
0.660009
0.182387
0.00987331
0.352388
0.332482
0.120843
0.876056
0.877556
0.0878493
0.225026
0.146996
0.0544484
0.779225
0.961688
0.901285
0.906534
0.994494
0.838874
0.0208915
0.148233
0.672035
0.738436
0.279536
0.786961
0.318007
0.318868
0.595137
0.107999
0.450197
0.613454
0.0713109
0.167167
0.893427
0.948716
0.45294
0.916308
0.55153
0.308194
0.620801
0.0865956
0.280887
0.266518
0.750259
0.954643
0.490517
0.618813
0.759016
0.11643
0.093745
0.830396
0.668933
0.394041
0.436422
0.431802
0.506906
0.000215382
0.826707
0.484114
0.369806
0.0857125
0.291421
0.239607
0.278487
0.794486
0.18395
0.122707
0.445849
0.951671
0.268725
0.156257
0.583968
0.509388
0.907251
0.958104
0.875288
0.875353
0.970706
0.432989
0.232874
0.249307
0.104106
0.284755
0.474728
0.0922492
0.96702
0.473869
0.0371693
0.853492
0.0758623
0.745253
0.852276
0.0805232
0.872734
0.351424
0.0143877
0.0366803
0.645838
0.0959598
0.860671
0.951641
0.926449
0.82226
0.0907524
0.0297214
0.987449
0.472634
0.550404
0.340993
0.0684268
0.842692
0.304304
0.720204
0.952335
0.156053
0.622845
0.798522
0.518715
0.584365
0.508023
0.29308
0.898481
0.837637
0.383369
0.679345
0.85527
0.949883
0.572958
0.37129
0.0183473
0.385078
0.194477
0.534382
0.592084
0.58843
0.0913492
0.656386
0.16699
0.107961
0.428928
0.000976094
0.257311
0.411399
0.579751
0.0691608
0.190189
0.523391
0.922857
0.193523
0.971387
0.608015
0.182162
0.390269
0.752571
0.621618
0.928904
0.594093
0.52516
0.160958
0.873144
0.400853
0.665736
0.631662
0.569337
0.443059
0.958014
0.861992
0.160954
0.523171
0.716381
0.286935
0.789179
0.629717
0.635991
0.827588
0.290662
0.961216
0.994427
0.590871
0.809332
0.0829162
0.82992
0.514547
0.947281
0.341347
0.72114
0.0825482
0.0797013
0.661681
0.793539
0.235628
0.458891
0.85291
0.577262
0.602313
0.732321
0.545835
0.341621
0.175174
0.499762
0.888864
0.53113
0.557408
0.534478
0.126629
0.928101
0.904733
0.293481
0.186409
0.166806
0.687595
0.341842
0.397366
0.224197
0.398686
0.316076
0.467603
0.512196
0.330778
0.051582
0.844022
0.196538
0.549869
0.499143
0.579998
0.367183
0.188634
0.0554987
0.835874
0.685289
0.185202
0.932968
0.137256
0.131745
0.592233
0.193146
0.516128
0.482273
0.581313
0.0696532
0.659778
0.134083
0.267663
0.204956
0.192536
0.909101
0.480159
0.426243
0.215327
0.458747
0.60166
0.685366
0.228031
0.895291
0.604656
0.787847
0.559658
0.274757
0.407226
0.535942
0.431342
0.556399
0.674303
0.910768
0.777135
0.663734
0.18926
0.918502
0.947626
0.27214
0.920803
0.725625
0.421363
0.948018
0.910179
0.708245
0.649091
0.264513
0.103693
0.0404756
0.155808
0.5188
0.255545
0.446874
0.0256215
0.67593
0.0259679
0.743947
0.894428
0.164242
0.39969
0.795719
0.5754
0.147335
0.549703
0.508358
0.44229
0.897603
0.271341
0.488867
0.695538
0.896334
0.11168
0.99284
0.636202
0.285367
0.319242
0.786279
0.072695
0.295318
0.739015
0.54647
0.985335
0.275364
0.777785
0.426926
0.573708
0.949588
0.56478
0.41139
0.811847
0.524895
0.432628
0.0819025
0.636215
0.27548
0.843628
0.425931
0.89151
0.228863
0.886327
0.30756
0.159278
0.578489
0.467421
0.227745
0.594335
0.447889
0.323955
0.998629
0.894011
0.631398
0.980851
0.956922
0.525196
0.936445
0.778731
0.341342
0.334205
0.752398
0.0970683
0.459119
0.664454
0.470975
0.897642
0.266561
0.106949
0.383216
0.713305
0.988685
0.00858468
0.678019
0.207071
0.402904
0.86326
0.167237
0.426501
0.411785
0.710801
0.362341
0.87842
0.529865
0.668704
0.527636
0.548927
0.909526
0.721681
0.335053
0.993735
0.530943
0.894026
0.745493
0.62381
0.181081
0.929789
0.741738
0.311332
0.846766
0.605767
0.537926
0.440962
0.146813
0.802303
0.89058
0.531423
0.428217
0.456898
0.136212
0.552399
0.151405
0.525639
0.580481
0.0617368
0.189556
0.0774383
0.863914
0.28797
0.666978
0.646079
0.929194
0.283148
0.961548
0.965084
0.215005
0.270