-1.40052
0.885246
-2.05036
7.55973
1.09826
3.17093
2.62601
-1.22947
-9.6326
0.259818
12.2506
-1.34091
-6.48256
-3.14211
0.843274
-3.16186
-5.41308
-5.45607
0.0820513
1.46762
8.10255
-1.27819
-0.455554
6.88841
0.932089
0.378887
2.42602
-4.99739
-4.33292
0.922878
21.4955
0.572081
-3.32852
-4.06147
1.67083
-5.27865
-7.41359
4.16557
0.939929
-1.93096
-6.51447
3.90261
3.02313
-0.450078
-5.50495
-14.3821
3.01899
-3.34006
-0.4446
4.33575
2.4454
-2.49829
-9.03837
-0.380235
3.79516
-1.7422
8.03506
-2.66502
-7.51363
-2.30661
-4.36737
-2.35216
2.53051
-4.74798
4.73868
2.76363
0.473364
0.666361
1.04974
-4.70549
1.17917
-2.04853
12.2831
-2.78356
-5.73955
-4.94085
-9.82779
1.92648
14.8943
0.89074
-0.463763
0.921038
-3.97715
-5.28498
-5.45657
0.0483205
-9.80065
1.41258
0.270341
-3.68885
-5.93907
0.791171
-4.19445
1.9682
-10.3335
-6.51262
1.51812
-2.74597
2.75454
4.06411
-8.08544
-1.93243
1.60811
-9.00181
-8.93089
2.94665
5.67352
-3.66788
-4.31045
-10.6229
-2.79399
4.75246
11.9435
1.06007
-1.82031
-1.06055
-3.81994
-7.87632
-10.0043
-3.82275
-11.7732
-6.27607
-12.0212
-5.16672
2.53731
-1.6199
-2.95222
-1.63828
2.14711
5.21603
-7.21103
-8.41258
-1.47921
-13.8352
-0.643766
-8.02794
-5.75488
-8.42522
-7.06673
-1.36314
-4.89395
-6.57209
-4.37419
0.733636
-0.392036
-2.67429
-15.0104
0.00817083
-15.8666
-1.91778
-0.547488
-4.7808
-3.75718
-5.79366
-17.0459
-7.45377
5.29775
-1.0703
-1.79539
1.32557
16.709
-1.30345
-12.0574
-2.13534
5.65846
-3.96657
9.71466
0.570767
-4.70683
1.83864
-1.84927
-4.96999
4.54286
-1.28562
0.430708
-5.95224
-0.644922
4.90534
5.21
-1.94012
-2.58543
-3.95436
-3.27978
2.29368
-7.94624
-5.20605
6.15072
-6.44358
-3.16719
2.90086
3.48666
-1.4057
-1.97052
-6.52002
-5.02024
5.59751
2.93516
-13.9863
-2.07526
-5.50141
-3.91461
6.82244
-15.8008
1.02538
2.00748
-0.510563
-1.47035
1.16481
-7.1567
0.788914
0.77314
4.36438
-1.10066
-6.33383
7.87226
-2.46254
7.74005
-0.205689
-11.2746
21.7357
0.675679
-5.2374
3.8958
4.81026
-0.635674
-7.42416
-11.3279
-8.81242
-2.00531
-0.487965
0.196534
-3.17518
-0.698747
-5.83165
-9.93409
5.93113
-5.80273
2.63674
1.1806
5.71215
-0.390463
10.8631
-4.48071
-3.33006
5.84648
-0.241624
2.21609
-9.9267
0.167773
-5.0596
6.49509
8.29884
5.63803
2.19299
4.331
-9.0269
1.81878
-4.25814
7.31668
-2.64353
2.02751
1.53082
7.15348
-6.97517
-2.70769
0.967208
-1.9262
-0.139884
-8.51285
-0.0549805
-9.7709
0.23965
-1.01471
-3.63552
10.2055
-3.91178
1.02819
-4.26318
-4.61731
0.874729
-6.14996
-1.72753
0.101029
-5.14096
2.27842
-2.16649
-7.43022
-0.280216
-0.499659
-7.58064
-14.5881
-5.74536
-5.20749
-9.36752
0.10516
1.27816
-3.53428
-7.07718
-1.27522
-2.71846
-14.3011
-0.280216
-5.92265
-6.61278
0.441027
-11.5718
-2.4828
4.14923
3.04384
3.88139
0.96304
2.3983
-0.165615
-3.76755
-0.155973
2.57708
1.30842
-3.94908
1.52675
-3.35238
4.70287
-1.62909
-0.450078
-2.70509
-9.28052
-5.5161
-10.3136
0.438446
-8.96449
0.572518
3.57671
-0.230856
-6.2708
-4.19403
1.55936
4.34813
2.37911
0.778094
3.15457
5.34745
1.86884
15.8558
-4.53976
18.4377
-4.88479
-5.5009
0.933472
-3.42847
2.58207
-2.72106
2.34214
-2.65798
-1.42603
10.8769
-0.679164
4.66949
-7.98948
6.11158
-4.9146
2.07344
-2.93195
-8.44669
-2.42645
-3.47815
-1.7033
-4.59883
-5.63187
-1.10178
6.22072
-0.266705
0.0841121
-7.43932
1.04364
-3.23617
-8.23719
-5.68231
-1.98114
-6.84957
-7.26022
-2.52743
1.0723
3.87716
-5.61998
-6.19645
-0.324605
-1.87272
-6.47645
-6.41696
3.88986
5.04987
-3.59068
-7.39251
-3.59657
-0.412462
2.30546
-1.39978
-1.35869
-6.81263
-15.8102
-5.24854
-5.54252
-0.944222
3.04799
-14.1343
-1.67833
2.69334
-6.76363
0.856476
4.45453
0.180683
-1.22277
-4.08947
3.61298
1.83058
4.15014
-4.28636
-3.1535
-0.228063
9.89478
-0.0505126
-1.81482
5.60155
-4.432
-8.60972
-9.28052
-9.54951
1.30158
2.92976
-2.22588
-0.972525
-2.97063
-5.45406
-15.0104
3.48973
0.669909
2.24337
-0.101162
-10.1713
-3.34083
12.0125
-6.38809
2.68184
-11.8696
-9.09274
-5.40014
-4.28932
-1.49102
1.43054
-5.33884
-2.52042
-11.7758
-2.51489
3.29529
1.66093
7.08832
-4.32995
3.52834
1.62721
-1.34387
0.653513
-6.83964
-5.70692
0.237552
-7.72618
1.20509
-4.51756
-20.0381
-1.56214
-5.14144
5.02004
-0.87231
2.59834
-5.08645
-5.83971
-12.7318
-1.14256
-1.36758
0.223717
3.74659
1.32852
0.716199
-1.36092
2.01526
-1.85183
-3.63631
-4.90404
-9.22569
0.800656
-6.55902
-1.07967
4.21962
-3.16034
-7.9188
2.10051
4.95999
2.04594
-10.4639
-4.9022
3.66959
-12.5535
-7.21246
-5.8038
-1.94159
-4.74125
-6.91092
8.84812
-3.09662
-2.9237
-7.56105
-9.18122
-2.57581
2.43388
-1.94561
-9.92523
-8.76843
-1.65519
-6.43146
-4.64776
-3.54992
-1.78475
-0.152757
4.10599
2.67673
7.15773
-1.77008
-11.5911
-7.25077
-3.34083
1.01651
0.29523
3.41434
3.93593
1.83165
3.35588
1.44404
1.031
-9.15979
1.33687
-2.47212
-10.1935
12.0225
2.01693
1.60141
1.15478
-2.16393
0.0216711
-6.17746
13.2482
-8.66119
0.717985
-3.05011
-6.0303
-10.9557
-0.55292
3.17949
-6.82776
-6.47339
0.881586
-4.14408
-3.79911
0.711735
7.08
5.7484
-2.43565
-4.95009
0.922418
4.42814
2.06557
-3.45523
1.17821
3.55792
0.290162
1.67344
-8.95775
-5.9429
-0.659168
0.196534
-1.55293
1.54456
-6.62096
-1.43675
-2.56547
0.459551
-1.30642
-4.42899
-5.59164
3.05492
-0.414424
-0.8016
-0.133843
-4.59707
-3.15502
-8.90313
-10.7408
-2.65946
6.47078
-3.31507
1.51052
-3.7532
-3.40254
-1.23394
0.0413432
0.696578
-5.04364
2.02194
-4.64201
-9.37634
1.78727
-5.36941
-2.98379
3.44692
-7.78937
-0.373936
-2.41283
-0.597842
-0.485235
-1.79575
0.70237
-8.48803
0.7229
4.67676
-0.0776938
2.17803
-1.50798
-7.91624
-2.37127
-6.65003
-5.14334
-1.15788
5.95634
-2.00201
0.519735
-4.57471
1.58343
-2.04816
-1.10291
-14.1779
1.32214
-1.11638
4.2567
-1.67356
-1.20265
7.26357
0.206143
-8.25763
1.01044
-2.24019
1.14477
5.31011
-1.12386
-4.16195
-1.17393
4.29508
-0.778339
-2.00458
-11.3211
-5.9101
-5.6045
-4.60982
-7.62567
4.24647
-5.52269
-1.04741
-5.96654
-3.13794
2.89015
-7.8975
-7.23628
-9.78929
3.09885
2.2393
3.47746
-16.8693
1.61482
5.92228
-2.7642
-3.29473
-5.0723
-1.987
-1.70661
5.18122
3.55402
-0.511342
-7.70993
-14.6259
-3.43157
7.14924
-2.33012
5.76245
4.38744
-3.36703
-9.90464
-8.90755
0.508875
1.44004
0.238391
3.64877
-6.48011
4.59544
-4.3597
-5.63757
10.7488
1.94071
4.49596
-4.1553
-3.85247
-9.47092
2.20741
-1.38942
-8.35481
2.07513
3.79185
-10.0422
-6.84758
-2.02362
-8.25391
-3.44398
5.7372
-0.333698
0.164444
12.6285
-1.47331
-2.69989
-3.90935
-1.13284
-3.48593
-8.24368
-7.43553
2.50217
-0.0857928
-1.48474
-6.72094
-2.81562
-0.587013
-2.64056
-2.23212
-4.70772
-6.93854
-9.43356
6.75775
-4.45351
-4.03724
-3.3813
8.04063
-9.49041
-0.9378
3.83428
-17.1598
1.40163
-6.19126
5.19798
1.59781
-4.86468
2.15568
3.24497
-11.867
-3.40912
-3.59539
-0.637601
5.18003
-1.43749
-0.467279
-6.7068
-0.644537
-4.96906
-6.00304
-0.673783
-3.50892
3.07927
-0.940822
-12.049
2.79166
-11.4302
-10.3468
-6.06332
-5.09542
2.58332
1.65209
-9.47222
-8.81134
-1.29379
-6.57146
-9.31135
-6.87814
2.54908
2.37911
-2.98717
10.284
-5.47668
2.05378
-7.34622
-0.698363
-1.96759
-19.3971
-4.31172
-4.56814
12.936
-4.99135
-16.2831
-0.379842
-8.34527
-1.48622
-2.59948
-6.37731
2.03812
-3.08148
-9.07066
-1.94012
-4.17318
4.29791
2.83766
-2.84287
3.56026
4.33575
-4.34439
-1.42603
2.31903
-5.14239
-3.86495
2.49113
-2.00201
2.25211
-2.03021
-8.79841
-4.69702
-5.67448
4.88987
0.282987
-1.95807
-4.05448
-4.7305
-1.11825
-3.91826
-2.30845
-5.51305
-1.53673
-5.1974
-1.23766
1.68335
0.76639
1.66458
-0.147127
-4.7817
3.33065
-3.12959
-3.34584
0.709504
4.16012
-0.92079
-3.77034
-5.16816
6.58873
-6.36417
-0.949131
-3.62882
-1.50466
0.0766953
-5.02772
-4.69881
12.0932
-3.69004
8.7736
12.1867
2.3285
9.98116
-3.72733
0.686343
-6.5194
1.7862
0.77224
5.11026
-6.19529
-2.03095
-4.77854
8.32615
11.5682
-1.09467
1.37881
-4.93255
-2.85183
0.0438052
3.10236
-6.88081
-1.2663
10.6006
-3.78272
-3.77952
-3.30394
-1.39127
-0.47548
-6.07794
-5.50293
1.94071
1.83595
-1.09654
-5.63342
-0.814169
0.664588
-0.870034
-6.1832
-3.60836
-8.57513
-10.0118
-1.54262
14.6711
-1.27894
2.96633
-5.56447
-3.05011
-8.49695
4.79519
0.654398
0.427701
-21.7014
-2.07233
-0.356991
-5.76494
-3.73648
8.50797
-3.52921
-14.7554
-4.1064
2.28957
-5.9232
-0.107223
-3.3097
-3.25413
-17.3546
5.71076
-1.27113
-14.5569
-2.56842
0.368649
9.68641
0.334615
-0.760775
5.29036
1.72847
-5.27719
1.64638
-0.480944
-1.04816
-2.94471
-1.60335
-2.1511
-0.40461
-9.34745
5.22448
4.26136
3.86113
-0.450078
-2.05988
-4.74887
6.94175
-0.0703989
-2.10603
-2.16686
-2.41431
0.892572
-0.899976
3.67039
-2.1533
-1.86502
-0.938933
-10.5977
-0.15959
-7.35737
-1.5533
-9.61636
1.48727
8.00735
-1.19892
-1.22538
-3.7333
-1.51425
16.8044
-13.4691
-9.84504
-6.98951
6.63928
-0.334094
-5.87804
-0.231255
-11.4884
1.30451
-1.02636
0.763692
-2.88362
-2.31028
0.453084
0.949163
0.792074
-2.40621
-0.887854
-13.193
-12.6498
-2.69433
-2.82159
0.734531
1.675
-2.94921
3.90857
-7.17807
-3.67144
-5.32705
-0.0955026
4.1683
-2.27174
-2.95447
-6.45451
-3.49022
-11.7477
1.49029
0.817853
-5.32312
-1.01132
6.82052
3.05909
-3.75718
-7.06395
-2.49423
2.17976
-2.16063
-3.20984
5.60558
-1.90752
4.5731
9.73364
-2.18775
0.350338
-1.10066
-13.7719
-9.18481
-14.5016
-3.44126
0.421261
-3.9138
0.54848
12.428
-0.450861
8.43148
-3.47971
1.92866
-4.74394
-5.64846
1.43854
-1.09953
8.32006
-1.0196
4.564
-3.72535
-0.835094
6.18077
-1.48585
10.6259
6.0883
-0.640299
-3.20755
4.37878
-2.81711
-2.39444
2.16026
2.40973
-5.01417
-4.05859
-0.808076
-0.280613
3.34696
-6.47706
1.64068
-4.62568
-3.44747
-8.34146
-1.00229
3.06326
-1.14219
-0.13062
1.11531
0.00530966
-4.06311
-2.02545
-2.78021
4.8135
-2.66465
-9.86528
0.613784
-8.13116
4.70392
-11.6523
8.15412
-6.84692
-7.14182
-4.06517
-6.31018
-2.94846
2.00193
-0.691071
-1.02975
-4.40069
6.6411
1.20509
-6.82315
-7.51131
7.65729
-2.84175
-5.19163
-3.07505
-1.37758
-4.53409
-8.83516
-2.55549
-8.87447
0.693462
0.156128
-0.946488
-6.49481
-0.0468556
-8.41258
0.149897
-7.00251
4.03585
-2.78468
-4.78531
0.419544
0.34311
-4.36013
-4.55809
-7.35439
-2.13021
-2.63538
-6.41033
2.85288
0.080815
-5.7676
1.65573
3.57514
0.398975
-3.2771
1.45055
0.107639
-8.41452
-4.71441
2.24221
6.01638
-3.40448
-3.70986
-3.24496
-9.74
-6.67164
-0.868137
-3.72455
3.04453
8.67349
-1.23952
-5.82092
-3.47193
1.75805
-0.219279
-5.30011
-6.97517
0.903118
-5.86451
-2.36319
-6.74935
-5.35657
-4.54499
-3.80632
3.78111
2.06444
-1.72679
-1.22277
-7.34473
-0.144311
2.57521
-2.35032
2.99635
3.06743
1.87858
1.16194
-7.19738
1.16099
-10.9517
1.95994
-3.50229
-4.60279
-0.25238
-3.84282
-4.11963
-1.7312
0.526693
10.6259
7.2878
-5.89486
-2.78468
1.52828
-3.37358
-2.79623
2.10221
6.61211
-11.0449
2.35106
0.475092
4.87996
9.8254
-6.66591
-5.77769
-8.04995
-9.96379
-1.19818
1.39617
-2.881
-5.36496
-7.46904
-3.4463
-2.30184
-2.43234
14.0862
-2.09101
-2.40805
-2.75936
-2.14011
-13.4823
-7.88902
5.83353
-14.4592
-6.48807
-9.23659
0.541065
2.92707
-7.44236
-1.78072
0.978802
7.25918
-2.00092
-4.83736
7.83804
-1.0868
-11.002
-4.33207
-7.25222
-6.41033
-0.519902
0.119219
7.65482
2.20857
-1.55956
2.95885
-9.06487
-3.59578
-2.38414
1.37931
-3.53507
4.60768
-6.41395
-6.41214
1.51711
-3.97838
-9.7177
3.02106
-8.49199
0.857844
1.93304
6.52133
-1.44857
-0.646848
-10.5284
-1.11152
-0.0362828
-3.1368
4.30828
-1.52051
4.84277
-2.03607
-5.21664
-8.92866
0.310877
2.63484
-2.16026
-5.95994
-1.87675
3.84601
-2.57027
2.47462
-0.784062
-0.275052
2.19529
-0.703735
-3.05616
-1.27708
-5.44905
3.65356
-3.55266
-17.5961
-5.64223
-16.6529
-3.20602
-4.44017
-15.6734
-8.92087
-3.0811
3.87125
-3.53546
-6.64243
-2.6691
-2.67392
-9.95485
0.78711
-1.04102
6.96373
-5.50799
2.63358
-4.82012
-7.90431
3.48052
-0.0946938
-3.8569
-5.39269
-1.94195
0.802012
-7.94968
-6.18838
-3.66196
-3.32814
-9.8092
-5.04599
10.5322
-3.29013
-2.22295
1.05913
-1.43712
-1.53967
-3.85167
3.21534
-7.1631
-1.86832
-7.40529
-7.65276
12.6042
10.1889
-0.821781
-0.899976
2.62979
2.5497
-5.69381
3.97126
-0.261932
0.228326
-0.223672
4.81026
7.91488
1.52117
-3.08488
6.1586
-0.162804
-10.9617
-1.65482
1.06901
-0.691838
0.521909
-5.20653
1.13858
-3.51476
-12.4189
-3.39211
3.22471
4.82973
1.16911
0.0183965
2.56026
-1.94781
0.969525
-2.404
2.17688
-4.32825
-5.36595
-2.55217
-9.72048
-4.99972
0.610263
-4.81196
-2.27871
4.02618
4.36055
-9.10558
-0.566103
2.68823
4.03761
3.78771
-4.49586
0.255612
-2.95372
-2.32791
-4.19612
1.17917
-9.09623
-6.00359
-10.5108
-3.77353
8.45995
6.86498
5.59081
-0.744719
-6.13912
0.522344
-4.54368
2.34214
-10.5691
-3.78831
1.73269
1.36941
7.38886
3.06743
-2.46364
11.1879
-6.97654
-5.60347
-5.62256
-6.8304
-3.95314
-18.7437
-1.82911
2.47217
8.27177
-6.90488
-0.176049
-2.96612
-0.383383
-4.69346
-4.56683
-5.33835
-6.08527
-5.58189
-13.4604
2.57084
-10.724
-0.959322
-2.47175
-2.75638
-8.40289
-0.777576
-5.58189
-0.299659
-9.91639
0.46257
-13.2948
-11.1071
-1.68494
-5.90247
5.64346
-2.40731
-4.74887
-0.740128
-1.15526
0.0278141
-0.102779
-0.289743
-13.2537
0.7583
20.5188
4.04907
-9.76245
-3.74523
-3.76196
-14.4652
2.86483
-5.76282
-3.9902
-6.12944
-4.35629
-3.73091
-6.84692
-7.39101
2.81
12.0627
-9.9489
9.13744
9.53542
3.20528
3.42568
0.283409
-14.3587
-10.5531
8.74915
-7.53688
-4.15239
4.47913
0.456963
-2.08918
5.41438
-2.43234
5.67352
-13.4214
-1.79282
-2.00458
-5.28352
-9.03607
-5.26552
-3.20679
-1.62983
-3.20984
-1.48474
1.61327
4.81674
-5.90084
-7.83428
-3.01956
-3.24534
-0.602867
2.26261
-5.69591
5.87689
-1.24064
7.458
2.02528
-9.63938
3.15386
-4.50974
-5.7001
-5.85749
-0.798551
8.65655
-11.8696
-1.2492
-1.72422
-2.68616
-1.8588
-0.641069
-1.78219
-4.35332
-2.19545
-2.05329
2.52248
-2.09834
4.27631
4.81026
-4.11012
2.46608
-11.0265
4.92643
-4.32571
-0.364876
-12.4409
-2.8941
-9.8436
-3.52218
-9.65163
-0.0187711
1.53285
0.0302725
-3.34853
-5.25969
-8.18198
7.27016
-4.12129
-2.56658
10.1944
-4.44748
-5.02632
-9.67215
-0.0313991
-5.85102
-7.74905
-1.85806
3.79102
-7.01075
9.27826
-0.144713
-4.69791
1.56192
-1.40163
3.34473
-1.1952
-5.31234
-7.20025
5.58278
0.38572
-11.3775
2.4795
-5.90901
0.459119
-5.51407
-6.99908
1.1191
-2.33746
2.44479
1.76017
-1.30753
1.80273
-5.73691
0.118805
-6.71579
-7.44008
-4.31172
-1.72202
-5.08456
1.50444
-6.21262
-4.30242
-1.66474
-6.84427
13.3701
-7.96693
4.49298
-0.311545
-8.69136
-1.93023
5.53497
-6.20106
4.26229
-2.24459
-0.497711
-5.69329
-1.93133
-4.04422
-1.75798
-3.29665
-0.232851
-3.97634
-5.46964
-9.58144
7.97714
-0.0946938
-3.76635
3.89496
-7.93078
-3.36356
2.98677
-2.39665
5.28175
-5.67448
2.92235
-4.26318
0.171102
-2.15769
-8.60768
-1.0718
-4.87701
-11.0081
2.5777
-0.159992
-16.9904
-11.0163
-6.56088
0.989021
-0.667247
1.35756
-3.90207
3.9009
0.45136
-1.84304
-5.01044
2.25094
7.53817
-6.43873
9.46913
-10.079
-4.55546
8.98759
1.1286
1.24563
-4.6779
-10.4535
1.83971
-3.33045
-7.58143
4.87447
6.07133
-5.85318
-1.45669
1.39816
5.3412
-3.50814
-0.304811
-11.8564
-0.988354
-3.74205
-3.95721
-4.87793
3.82759
-6.09373
-3.53624
-4.27961
2.55715
0.468181
-4.6575
-5.10015
-4.61246
-6.65067
0.139521
-9.96826
3.51208
-7.33287
6.027
-6.45026
-2.33783
-4.53845
3.5548
-6.66146
-4.73274
-6.75908
-4.35034
-0.197687
-2.80928
18.3554
-6.48868
-2.06684
6.28726
-11.2243
-7.05146
2.1832
0.0836999
5.95039
-5.27816
-4.34779
-2.26513
-5.34376
0.564643
5.05448
-2.35216
8.34755
-5.85803
8.86973
-1.77082
10.3068
-7.61535
-13.0944
5.4042
-5.29279
-1.93792
-0.687999
-2.7709
2.75389
-0.129009
1.45808
-2.27981
-3.06447
-6.16369
-21.4509
1.50242
-1.99176
-6.98677
-5.23789
-6.29898
5.00978
-11.2526
-0.96385
-5.6355
1.23112
-0.962718
-6.21377
-1.08117
-2.19105
-9.7428
-1.45817
-2.92108
-3.61032
2.54412
-14.2221
-10.5602
0.900365
3.35737
-10.2514
-9.49562
-3.57577
-4.79885
-6.66782
-9.52838
2.0847
-3.20374
0.0985512
8.22419
-5.73374
-8.12395
-0.878757
2.69078
-5.11862
-0.405003
1.33196
-2.36576
-5.18204
15.3669
-6.05322
-0.936289
-11.5887
-1.71285
-7.08835
0.517127
-6.423
-0.947621
-0.319858
0.516258
-2.14487
3.7902
5.1693
-4.48158
1.32165
-0.925706
14.0665
-7.01006
-0.653009
-0.0614755
-7.55245
4.00255
-2.12398
-2.68505
2.29016
3.23121
-3.37011
-11.3189
7.83543
20.8723
-0.432461
-0.209688
-10.1951
-3.35469
-5.52879
-13.0444
0.705044
3.6994
-8.49496
0.300301
-3.36086
-0.938933
-0.948753
0.0886476
-8.91643
-0.465716
0.646434
-0.694142
-3.71264
-1.2451
-0.822923
12.0526
-1.05829
-5.58856
-3.77034
-5.78727
5.24874
-2.56325
9.4085
-2.33048
4.61586
-12.8195
-2.17126
4.42716
5.2076
1.60966
7.19407
-6.62664
-0.107626
3.77121
-1.1855
-15.1576
2.33561
-3.68291
-3.88107
-1.92254
-12.3629
6.77476
1.41657
-12.2718
-2.71475
-12.4252
1.76335
-0.946488
0.521474
-7.00251
0.0384717
-6.5528
9.35744
0.939929
-25.2731
-5.06619
1.71952
-6.88748
-5.44805
1.6045
7.39114
-2.92407
-3.7047
1.1191
6.77855
-11.0717
2.34095
-7.54544
-2.40511
-1.12012
-3.45523
2.44176
0.739905
-0.876102
-6.11808
-5.94236
-2.78766
-5.9831
-2.50493
1.84133
1.03849
-6.08639
-12.3292
0.68412
-9.78929
0.165276
0.597514
5.38898
-4.10433
-2.8242
-9.20519
6.49857
-3.21022
7.11759
4.56098
-0.421878
-8.53083
-7.50359
2.9779
-4.96675
7.42324
0.114668
-1.09092
-6.70808
-0.159188
-4.85329
-7.89835
-7.1136
-1.09541
-0.0635043
-5.76441
-9.66666
-2.60614
-4.30199
3.45529
3.34325
-4.43845
-6.20741
-0.544382
-8.53985
3.04938
-5.2022
10.5569
1.39319
-2.102
3.68407
-4.63539
5.24874
-7.36408
-4.55459
-2.58395
-4.67435
5.17168
-15.1426
-8.53584
-4.3168
3.87209
-7.53533
-3.44514
-1.75761
-7.86956
2.76883
6.05445
-8.3913
-7.32474
3.29749
-4.06229
-4.27371
2.91562
-8.17742
-1.30679
-0.537393
-8.06766
-2.37605
0.535836
-6.26963
-1.88408
-0.997017
-1.37388
2.88614
-0.309169
-8.96224
-5.84725
0.903118
-25.9968
3.64957
-3.05465
-7.48436
8.19481
0.561582
-0.491865
-0.41207
-3.51867
-8.57007
1.27086
0.424695
-0.158786
-1.07518
-2.9947
-2.51194
2.89684
-7.46751
-0.626419
-2.64686
-2.12838
-4.41954
1.47819
4.78018
1.53794
-3.02446
7.76812
1.58189
0.243008
-2.31506
-2.09834
1.43254
4.726
-3.1148
-5.41308
0.384438
-12.9061
5.13023
-4.9598
-2.52817
-0.0509189
1.13858
-9.02233
2.00859
-4.23671
-0.104395
3.33361
-4.76414
-1.8445
4.61279
-7.01487
0.673459
2.73642
-2.96236
-2.17235
-6.29133
-0.808457
-0.858269
-8.7355
-5.23837
4.38841
2.61908
-3.07392
-5.55476
-3.84764
0.70549
-0.710254
-6.70487
0.324009
-7.82926
-1.59563
-0.381416
-4.21911
5.69554
0.0491417
-1.68788
-10.4881
-0.0407573
-6.67355
-2.34812
-8.38744
5.72187
3.20815
0.420402
-1.57061
3.32991
8.40014
-14.3587
-3.44863
-5.27086
2.18666
12.4856
-2.72478
5.1693
4.37589
-0.139884
-8.73445
1.49282
2.12887
6.89037
-8.2932
-9.0753
-3.25643
-2.68208
1.49888
1.3354
-2.36355
-6.76363
-4.92564
-1.13546
0.279191
-3.95193
4.1893
0.0220805
-0.465326
2.8192
-1.51535
-9.7484
-8.88106
11.7456
-1.77082
-2.87726
-5.93742
2.89751
-17.3701
6.0179
-0.326978
-6.95139
5.56411
-2.5858
-3.24419
-1.49618
15.1352
7.4371
-0.405003
2.86151
-3.28821
-6.08188
1.73532
-7.09115
5.77655
1.82253
-2.4018
4.06056
-7.02381
-2.66984
0.558523
0.976018
-4.4725
5.71631
-1.86942
-3.38786
-2.65872
-9.89732
1.15192
2.10221
2.3857
-2.34114
-8.00691
-1.06242
-0.0399439
-1.07892
-5.09589
-0.536616
-1.10066
-4.41611
1.84779
-3.14287
0.110533
-6.50279
-7.48282
-9.77513
-1.86942
-9.30393
-3.21479
0.98391
-5.27573
-1.69486
-1.06317
-7.61377
2.60901
0.561145
0.0977255
-7.61219
-0.450078
-13.328
-9.22569
-11.5573
-0.674167
-1.74771
-0.740511
-3.64104
-7.41887
2.97381
-1.60335
-14.6965
-0.765741
-8.27819
-6.40551
-3.05918
-9.84504
-2.09797
-3.32699
-0.0301778
-12.2036
0.103094
-7.60902
-6.56212
-1.61476
-10.157
-11.9908
7.03464
-0.543606
-10.0914
1.88617
2.45694
-1.28191
-10.7427
-5.92429
4.1893
0.249728
-2.16576
-7.66157
-0.121752
-5.20413
3.25877
-0.405003
0.724688
-3.62134
1.14763
7.18334
1.58137
-8.43106
3.06465
-0.131829
2.58895
-11.3346
-7.18807
-8.59952
-6.50033
-3.26676
-8.07565
-7.59244
-5.24515
1.28255
-8.69973
3.57593
0.161117
1.68283
2.52002
-3.357
2.5157
2.90421
-6.63105
-1.67723
-5.93742
5.06025
-7.727
-5.20653
3.37977
0.484173
10.9324
9.8205
-11.6277
-4.21493
3.34993
-4.3274
-0.570365
-0.514066
-1.52751
-1.8456
-3.89924
-4.98391
-0.0297706
-5.8054
-5.2205
2.16713
-4.67435
0.438016
-0.758482
2.71001
4.40289
-7.23121
-2.38451
-2.88624
2.26378
-3.29051
-2.19362
-10.4794
-8.85149
-3.29166
1.25629
6.13814
-11.5477
6.2159
-2.58025
-4.55721
-10.7128
-10.0837
-5.19163
-3.48204
-5.25532
-3.62016
6.07287
-0.627962
-1.24101
5.11729
-4.05818
4.31205
-1.51941
2.82908
-7.0577
-4.34864
1.3798
-4.36567
-0.435595
-4.19319
14.6237
-8.00168
-1.28934
-0.0387237
-9.72465
-4.40326
2.94124
9.32386
-2.02692
-4.73722
4.19113
-0.295694
3.48129
3.32991
-8.26416
-2.51378
-8.12755
-2.69507
3.74414
5.04066
-0.64184
-7.83261
-12.7422
0.143255
-7.31736
-0.350284
-1.45928
3.28723
1.87912
9.77195
-5.38823
6.21109
1.71532
3.68648
-6.43691
0.895322
-4.56158
-1.40718
1.1672
-5.6143
-3.66512
-5.13335
4.05879
9.59404
-0.522624
5.88126
0.594
-1.64527
-3.76675
-4.6398
0.960262
0.422548
-2.1042
-11.7047
-13.5176
-4.23965
2.42783
-5.74324
-0.361328
-8.56703
-4.95564
-1.57613
-2.94133
-6.01137
-1.06917
-0.868516
1.59833
-4.66947
5.20399
6.23844
-5.70324
-0.227664
-10.7672
3.96002
-0.378661
12.294
-1.12761
2.50709
0.811965
2.1574
-0.586239
-5.13953
1.13573
-1.987
2.10504
-7.95657
-6.91428
-1.34832
-0.0155096
-1.88298
6.42097
1.14239
-3.06296
-0.276244
-2.95372
-0.766123
-5.43904
-13.6307
-3.62055
-2.88848
8.72488
-0.910954
-5.91719
0.456963
-3.55227
6.46214
10.4353
-3.53272
3.56339
-4.32698
12.9495
-18.4633
5.96976
-2.4478
2.06051
5.51524
-12.5567
-7.89241
-2.54995
-0.629119
-6.12205
-6.45329
-0.112875
-2.14267
-4.42899
-5.47819
-0.0427905
-7.96089
-14.703
0.0138958
0.569017
-5.64068
-2.97514
4.25391
1.89649
-3.32814
-1.33943
-11.9662
-2.64575
3.48436
-1.36277
-1.88188
-1.73707
-3.10457
1.5004
2.22304
-2.74634
-1.07743
-0.871551
-9.52575
-10.5798
-4.97092
-3.63394
0.83373
-0.844216
-8.88436
8.10824
-1.30048
0.595757
-4.56902
-1.41125
2.3469
-7.37528
2.73577
-8.07298
-1.88371
-6.56524
-4.90679
-5.72268
-1.81885
-6.5435
-5.90193
-0.805791
1.59216
-2.5374
2.4001
7.22429
7.92293
3.74414
-8.51983
2.20164
-4.69747
-4.8761
2.87947
-2.15293
-3.61347
-5.10394
-4.13454
-4.49977
-8.44082
-4.70638
-6.20453
4.72178
-1.54409
0.843274
-3.37165
2.76428
-3.17822
1.91664
-2.99846
-3.00185
-1.6596
-18.1059
-5.67918
3.65116
1.1011
-8.5802
-1.46814
1.73111
-3.08261
7.00609
-6.56524
3.85945
-3.7532
-0.85751
-7.34919
-4.528
-6.85885
2.16083
-15.5085
-7.51595
0.0832877
-4.58347
-3.04143
-1.46888
0.553281
-7.94882
-8.67052
-5.58291
2.2184
-7.03416
-2.95334
-1.08792
21.7357
-3.28706
0.911842
-7.54778
-3.88955
5.33371
-2.42608
4.3291
-3.38091
-6.24745
-1.81188
6.18554
-7.0737
-0.375118
-1.22724
7.03055
5.55216
-15.2728
9.34901
-6.22884
-4.33759
1.63394
-9.59215
-3.97349
5.97125
0.345235
-6.49052
4.64464
-5.71322
14.8432
-2.96649
-1.43897
-0.335674
-2.23432
-1.20377
-9.24752
2.31077
-1.59085
7.98809
-3.50385
5.32127
1.62101
3.22688
-13.3155
2.92707
-6.6532
14.2899
13.5463
-5.362
-3.76914
-8.52883
-8.17286
-3.23923
4.80918
2.84427
-1.12199
-0.0622871
-3.04256
4.54185
-4.2321
-2.42903
-6.85819
-9.3437
-0.969885
5.44126
-10.8071
-0.313129
-4.65351
-0.653009
0.7993
8.4189
0.732293
2.49542
-1.97198
7.23298
-9.99826
3.00594
-6.93044
3.69213
-3.43777
-1.93939
6.83978
-4.72961
-2.87651
-1.39793
-10.3484
4.08633
5.42076
-10.0376
7.48842
-1.62983
4.12395
-0.797408
0.288895
-0.831672
-3.84362
-7.67843
-1.42529
3.38276
-5.15049
-1.66988
-3.17936
5.86963
1.91119
0.10516
3.85945
-0.370392
4.94765
4.09883
0.391704
-7.24859
-2.23285
3.50359
-1.23022
-2.38524
-0.977426
0.307914
1.08267
6.41076
-2.23872
-7.48129
-0.363693
-3.24763
4.19571
11.0538
0.841455
0.507139
4.98933
-4.4024
-9.65709
-6.59396
-3.44902
-0.617157
0.234615
2.93786
4.28569
3.06187
-12.5404
0.745284
-4.42555
8.00459
-16.0425
-4.19779
-10.3252
-5.16529
-0.4579
-0.649159
6.04375
12.7784
-0.695677
-5.0992
1.17821
-0.271475
-3.19078
3.14394
-1.6063
-4.99414
-0.64184
-0.236839
1.11862
-4.67435
-3.4661
-1.03426
7.88286
-6.10617
1.92593
-6.07119
0.900824
-2.06208
1.40959
-10.0028
5.15386
-3.64695
-1.64012
-2.9222
-4.64599
-3.032
-5.79366
0.724241
1.13811
7.10711
-2.08918
-0.464935
-0.630276
-8.23441
4.26043
-5.12669
5.78504
-3.64577
2.99156
-5.75752
0.722453
0.349912
4.08811
-9.4839
-5.82629
5.04181
-7.66798
-9.34245
-3.2863
-1.34573
-1.86246
-1.0196
-4.6107
-0.17645
2.47523
-21.7014
1.54201
2.87081
-9.02919
2.20106
-6.95207
-4.19946
-3.57342
-3.92798
-3.24305
3.84433
-3.52842
-10.912
-8.70602
-2.23652
-10.7259
1.41607
-8.03673
4.28193
-0.119735
0.70772
-5.11625
-0.265909
-5.02912
-11.3526
-3.0656
1.08315
-3.21785
-6.36656
5.16454
-0.107223
-0.917007
-7.32843
-2.4316
2.23407
-0.470404
6.22233
-4.99135
-7.39176
-3.47154
-5.04739
2.44176
-11.7887
2.065
-0.0874117
7.0449
-8.75458
-11.279
-8.55593
-0.185271
-9.42332
-3.10646
-1.2663
-8.06234
-1.20973
4.85258
-6.09204
0.482443
-1.55956
-6.42421
3.15174
-7.13474
-1.92694
0.922878
-2.33342
1.87912
-3.38516
4.11047
-5.88292
-11.3593
0.935316
2.30546
1.541
10.3355
-2.21341
1.1462
-1.38794
-4.14325
9.11001
1.64223
-0.309565
-3.25566
-6.07062
-1.56508
1.00019
0.763243
-7.26313
5.42204
-6.06444
-1.15489
-5.6009
-4.67701
-1.4434
-4.71709
-0.618701
-5.14001
-7.61298
-1.66621
-2.84511
-1.07705
1.32508
-3.6944
0.249307
-8.48902
1.28937
-2.80704
3.93421
-2.47654
-5.39518
7.34806
-6.78839
-3.90773
-4.81513
3.76546
-16.0627
-9.70799
-3.72535
4.33956
-7.75232
-4.03232
-5.79793
1.54609
3.94108
1.96654
-4.46516
-1.89873
-0.0020436
-3.4595
2.3368
4.61689
-1.24585
-9.97873
0.584348
-13.7961
4.01391
3.69779
-0.0326203
-8.71757
0.179849
3.42114
-4.98949
-2.23138
-25.4955
-11.8068
-2.24532
10.2953
-15.9241
0.647319
-0.568816
-3.33929
-1.63792
-4.08205
7.00001
-2.98341
-4.29438
-3.02257
-6.6065
4.89097
-0.575401
-2.79176
0.715752
-1.79502
-6.28311
-3.54992
-5.24224
0.660599
-2.0412
3.64318
-2.46659
-4.35289
-8.63228
-2.03314
-6.23872
-2.65798
-9.31879
-5.03661
-5.97481
-11.002
-1.9262
2.05883
0.576897
3.39852
-0.0448233
-5.30745
-0.29371
-9.59751
-6.79035
-1.30382
-5.37782
-2.13681
0.986697
5.4567
-0.970639
-3.25987
-1.83791
-6.57022
-0.542053
-12.3049
8.38769
-14.9535
-0.0183635
2.77469
-6.89417
-0.882169
-0.516011
-4.47293
-4.57296
-0.579273
9.93006
1.91282
-1.02975
-4.00286
3.15599
3.22111
-8.75671
-1.03576
-11.1962
0.251408
2.81789
-5.12005
-0.492254
-7.08905
-1.61476
-1.93573
0.581717
7.9635
-2.06501
2.46059
-10.9879
-2.0445
-12.8517
-3.48593
-4.75381
2.18033
0.000815314
-14.1999
-6.63169
-2.98341
2.6399
2.59458
2.8562
-4.12212
-8.79304
-19.4276
-4.30961
2.74223
0.68412
8.98009
-2.37348
-0.890127
-2.076
-5.67291
-2.51304
0.839182
2.84163
14.3971
3.74087
-10.5231
4.26883
-4.92242
2.49481
-1.78695
0.171102
-6.29368
4.69136
1.85264
-6.89015
-4.52626
-1.74147
-10.6502
-8.20122
1.75064
-3.98164
-5.90737
0.426842
-8.42522
-3.18774
-6.94665
-0.153562
-5.42654
1.1524
-1.12873
-8.12035
2.41998
5.5297
4.72495
0.966282
-3.65682
-2.87052
4.76843
-5.56038
-6.13969
-5.49029
-3.01617
-6.16656
2.99635
-0.696061
1.16911
-12.7077
-0.395574
-3.85126
-3.47349
4.43789
-1.63167
-0.753896
-3.48282
2.12944
-0.528845
-2.83652
-7.9704
-3.96128
-3.93893
-5.77822
1.96544
-2.69507
-12.0239
-5.56294
-4.11467
-0.895431
1.15765
-5.44304
-6.97722
3.02175
4.57614
-0.13062
-2.99018
-6.66527
3.54856
-13.1493
-10.8982
-3.37281
3.14252
-3.38439
-2.27578
-6.38749
-4.72245
-5.23354
-6.68375
-0.529622
-6.5615
1.43453
4.15921
-2.01337
-3.21632
2.18378
2.50893
-20.4396
-1.28637
-0.486795
-1.61071
-9.49301
-3.12959
0.684565
3.71318
2.3815
-4.14159
-2.86791
-0.0480748
-2.62057
7.51438
-4.38999
-2.21928
-6.94192
-2.6054
-3.40216
-4.12626
-4.73095
-3.09813
-2.4747
-3.83479
-7.33584
-9.75963
1.68806
-1.45337
-8.24461
0.346085
4.75246
-0.294504
-8.51584
0.760097
-3.66196
6.62838
-7.96089
2.19991
1.55425
-2.07306
-13.5986
-8.45453
8.80887
-6.71129
-7.10938
9.9555
-7.05076
-5.72636
-10.9838
-0.880273
-7.63521
2.73577
1.61224
-3.03766
5.27684
-9.58545
-7.43856
-5.52929
4.43887
-8.93535
-2.59134
-0.351468
-2.17309
-0.304018
2.79951
-2.18738
1.45958
5.22448
6.40397
-1.72643
3.72374
4.39709
-7.74986
-2.02911
0.856476
4.8987
0.605424
6.25951
1.82146
3.59954
-1.68862
-9.10441
-2.64649
1.65054
-2.07709
9.15321
3.35663
4.8254
-7.02795
-4.88891
-1.10702
-2.97815
-9.63395
2.79624
-12.4759
-0.671092
-10.176
-1.92657
-7.39251
0.471204
-11.4003
-4.24679
-13.9555
-3.98449
-1.0868
-2.76159
-7.48359
0.818306
2.05098
-22.7914
6.06365
-3.16567
3.37528
-3.25413
-6.64496
3.46598
-0.785207
5.56012
-12.1919
2.61593
-1.66621
-2.6276
-4.6708
-4.02413
2.38629
-13.1178
-1.35573
1.32508
-2.69321
-9.51918
3.85608
-2.77351
-6.19414
-8.41647
1.02819
-1.88994
-0.979687
-1.924
0.857844
-3.7178
-3.22739
-2.1555
4.71863
-5.44755
-9.18481
-0.147932
-6.16369
0.634946
-1.88847
-5.31773
1.09306
-6.11354
-3.68291
0.0278141
-1.27894
-1.32385
1.87533
-8.23905
-0.715621
0.149897
-3.11973
-7.35439
-3.77433
-6.10617
-2.31616
6.28071
-9.73302
-2.20901
-7.03071
6.61572
21.066
-2.02252
1.73322
3.89156
-2.02985
-6.45512
-12.56
-0.493034
-2.83428
2.63927
5.50215
-8.9984
2.01248
2.7513
-1.30085
-2.12288
5.50607
0.436726
-3.36278
-7.20312
-5.06477
-3.45445
-6.72545
-4.27961
-15.4582
7.9337
-5.95059
-11.0081
-0.550204
1.28255
-9.33371
-0.091458
-1.61586
0.570767
-2.43087
2.26671
-10.1241
-2.58727
-4.57953
1.34376
2.37971
-0.316692
2.71965
1.2022
-1.39719
4.48605
1.91883
-7.12275
7.53102
-4.97555
-4.50627
-3.80512
-7.39627
-4.57383
0.969062
3.55167
-4.56421
-0.820639
-11.9095
2.21725
-2.05915
-6.09034
5.20279
-6.51509
4.94317
-2.61354
-4.80111
-10.0194
-2.29964
0.0114418
-4.90174
-7.66157
-4.32528
-2.3393
-2.16429
0.135788
4.43204
-21.5116
-1.92437
-1.5776
-4.93071
0.833276
-2.15476
-8.86132
-3.47971
-5.35509
3.37079
0.54848
0.652185
4.00691
3.24062
1.15669
-3.8581
-7.27115
-14.4472
1.1229
1.39369
-7.91027
-4.10805
-0.769178
-7.38351
3.05284
-7.69779
-1.91485
6.68875
-1.22575
-2.66799
-2.23689
-5.41756
-7.25005
7.08
-6.71386
-1.96539
-3.50697
-6.47645
4.28756
-0.153964
-2.51194
-8.17742
-3.16833
1.45106
-1.94525
3.11782
-1.38128
-3.6746
-4.73185
-1.95184
-6.32258
0.887077
-15.4334
13.0319
-1.77082
-18.818
-2.83839
2.35285
-4.77314
1.21183
-10.5425
-1.63534
6.26602
-1.53415
1.24515
-7.24932
-5.17151
-4.29903
-2.19068
5.11847
-2.83801
-7.05492
-1.17766
2.90287
-6.02807
-17.2482
-10.1697
-2.14633
-9.34495
-5.30598
1.08126
-4.66148
-10.2239
-2.03058
-4.38316
5.85081
-9.39151
-1.65776
-5.09023
-11.1705
-1.72055
1.69591
12.0526
3.26022
8.95399
-5.11246
-0.602094
4.25205
-0.242819
-3.00411
-6.35165
-2.18738
-1.38868
-0.318275
-0.51212
-7.25005
18.8867
-12.3568
-10.6851
-1.69596
-4.15197
-5.30353
-14.4834
-9.79355
-1.7055
2.04203
-7.86197
-8.88547
0.477686
0.806534
-0.941956
-3.91461
6.35012
-7.57514
-4.18527
2.16828
0.0450364
-2.96574
8.85171
1.43804
2.79493
-1.59048
-1.40496
9.36166
-5.37139
-3.77274
-9.89439
6.75399
-4.19403
-2.6302
4.07743
11.5942
-2.54109
-7.46827
-10.8378
-4.41869
-2.99997
-3.73091
-2.5053
0.512783
6.40227
-8.4223
-10.4881
-18.2067
5.04641
7.31222
5.27071
-11.1071
-5.37634
-1.34017
-2.55143
-8.00779
11.3201
-2.83167
-1.71468
1.48323
0.0553032
-8.14923
1.47014
5.39278
-3.39172
4.68823
3.6376
-6.31844
1.71847
-5.72742
-6.7068
-5.08928
-5.62877
8.85171
-5.67344
-5.16481
-1.41199
1.34918
0.945006
-8.76416
-2.40842
-3.19154
-1.56876
-1.50872
-8.26696
1.08881
-8.91199
-8.16103
5.79071
4.67468
9.73364
-2.20278
-8.08188
-5.47668
7.88021
-1.62983
-11.5191
-9.61501
-5.73585
0.911842
1.46109
-3.97104
-7.94538
8.1311
-8.32436
-2.64909
-5.26163
-1.26556
-3.22929
-5.17821
-9.88855
-2.3393
-4.72827
0.0212617
3.19165
-1.77045
2.32554
-1.1646
-4.18694
0.0981383
-7.60744
1.68388
0.441888
-9.68864
-10.1038
-0.890885
-3.91299
-13.43
2.18263
0.0845243
-9.46058
-2.42792
-11.8302
3.43856
-11.4533
-5.52574
3.34845
-0.562615
-5.14144
0.196952
-1.5879
1.19788
6.63201
1.64016
0.806534
7.69465
-2.75043
-2.05292
-11.0987
-6.43207
-17.3857
-2.14047
0.959799
4.62098
-3.97104
1.094
-7.86872
-1.23357
9.66772
-2.95748
2.96089
-2.92145
-2.49571
-1.21942
-3.37281
0.241748
-2.20205
0.0820513
5.86093
-3.72058
4.06766
6.98787
-7.14961
3.70183
-0.231255
-3.097
1.41657
-1.32422
1.89214
-5.03989
0.309607
-5.2626
-3.38709
-10.1507
-1.97308
-6.70167
-1.8566
8.56329
-9.54025
-9.39785
-3.89197
-1.56472
9.8303
-8.1429
-4.43888
-2.44744
1.34967
-5.64431
-3.15806
-0.299659
-2.57618
-1.05191
0.00980618
-13.0906
-0.697596
2.6418
2.99361
-0.953284
-10.2807
0.998325
-4.78621
4.8976
1.12337
7.90684
-7.77451
-0.0370965
4.55191
-1.90532
0.499332
-1.4386
3.15599
-0.906412
-4.05613
7.29666
0.667691
-1.51351
-2.40658
3.88647
-5.62928
-2.32681
-6.77469
-4.41783
-6.39529
-6.04594
-11.5049
2.23697
-3.11821
-4.15904
-0.4105
-4.82012
6.00731
2.2393
-5.65365
1.82575
-3.38246
-10.7823
-4.60894
-4.1761
-14.0174
3.37528
-4.61026
-1.79319
-1.62689
-9.14675
-5.52066
-10.6447
-6.94124
-1.57208
0.34226
2.2708
-9.81063
4.71968
-1.44155
-0.533508
-1.19296
-5.97978
-3.57499
-2.16026
-5.76866
-0.402254
-1.93426
-5.2287
-3.8384
-7.84265
2.63358
-1.70367
7.31222
1.6267
-3.68291
4.52783
-0.586626
-6.12092
-0.637986
-5.82897
-3.61465
-9.39024
1.3006
9.19301
-7.58457
7.88021
-0.497321
-1.63167
0.252249
-1.44155
0.721559
-4.64113
0.176933
-0.950264
5.06834
-1.42603
3.72049
-1.82215
-3.57695
-10.9239
5.83353
-9.63124
-6.54536
-10.302
6.06519
5.03722
-5.96709
10.7753
-8.44669
-1.3309
3.37827
-5.04458
1.4792
-0.531954
10.1779
-0.0077588
-9.35998
0.863315
2.96293
-0.621789
-0.458682
7.28339
-5.30451
2.79493
-5.31038
-3.65801
2.75389
1.20509
-4.07464
-4.6085
-1.56251
11.0979
7.17906
-10.2725
-4.36652
-0.9412
8.1773
2.15625
-7.91966
10.3587
-1.36351
7.67716
-7.21246
-1.29528
-5.04599
-4.71084
-2.64686
2.5077
-8.48704
1.07607
2.25678
4.44473
-0.417171
-5.76813
-7.29749
-1.75688
0.391276
-0.714471
-6.31903
-8.12935
1.2287
2.48317
0.762344
-6.64053
-3.752
-1.66437
-7.37378
-0.871172
3.1938
-4.76414
1.97206
-9.9061
0.340561
-2.04486
-1.85073
-4.91736
-0.836614
-6.26905
-10.3385
6.55132
8.46949
7.90684
4.43204
-1.96576
-1.20079
7.5215
2.10391
-2.91658
-10.9879
-3.23655
9.0482
9.48667
-3.23961
-2.54035
-12.5047
-2.01373
1.01651
6.93181
-1.99872
2.99498
-1.54409
1.31332
-4.37633
-6.32791
4.09794
-5.05021
3.85356
3.81259
-0.530788
9.59404
-7.35142
-4.27666
-8.55896
-3.2549
-3.33352
2.98472
-2.34812
-4.25057
-19.1075
-3.33468
-12.1254
3.60586
-10.027
6.09759
1.11151
-8.03585
-17.2482
-0.471966
-4.18152
2.87614
-8.01829
-3.50307
-7.34399
-8.14109
-6.3149
-8.79089
-6.43752
-3.11783
-9.52707
-8.62817
-3.66749
2.49113
-2.80592
14.999
-1.13733
-10.5852
-2.24385
-0.845736
-1.60225
10.6578
8.67689
-10.9939
-15.4252
-6.91495
-5.32999
3.74577
-3.59618
-5.3917
-1.03426
-21.8349
-11.2658
0.778995
-0.284981
-1.6449
6.04986
2.57084
-3.98286
-4.6151
-4.7817
-8.86132
3.29602
8.60625
-15.5001
-3.07203
-10.0698
2.49481
-8.1438
11.2262
-5.19884
1.05396
-8.64877
-6.84097
-4.2965
2.24395
-18.6473
-2.33085
-5.77344
6.58694
-10.6302
2.22188
-8.93424
3.41585
-2.64686
-6.93921
-0.670707
4.80811
-4.02208
3.17878
-9.55747
-8.82215
-1.66621
-1.77228
3.44996
2.08921
4.51485
17.5116
-1.05529
-3.1965
-8.01916
-4.80653
0.83691
-1.89873
0.109293
-0.70872
-10.3335
3.2544
0.385293
-15.3201
-0.949508
-0.726348
0.605864
-4.58479
-4.77899
-6.01359
1.31087
1.62773
-2.22258
-3.24878
5.72744
0.642455
-8.07298
-1.1463
5.51918
5.32376
-0.156375
-7.02244
-1.77338
-3.9292
5.59081
-7.18021
-0.411677
-10.8244
1.77078
-2.63723
4.70287
-1.03388
-0.510952
-6.92168
-3.20907
-12.6905
3.24787
-1.11376
-3.26753
1.41806
-4.36013
2.99361
2.77404
-6.71065
-0.57966
-6.67164
-2.63131
-2.7776
-0.830911
-0.913224
-7.54155
-1.30122
0.283409
5.45412
-1.69633
1.26406
-2.43639
-5.32067
-3.88147
-2.73928
-5.39865
-3.69598
-0.580047
4.38263
2.95004
-2.13901
-7.72049
2.13684
-2.83092
3.4287
-3.77234
1.27524
1.0855
-4.10805
-5.8775
-12.5306
-4.84782
0.381022
1.89106
-0.706036
-10.9358
2.04482
-2.22442
0.943159
-4.18777
-5.46813
0.889366
-11.6871
6.99596
-0.0370965
-0.369998
-0.474309
2.85752
-3.8952
1.77131
4.09972
6.76908
-3.66591
-1.73633
-0.337255
-0.204489
1.30842
8.55018
-3.65603
-1.75981
-12.0658
-8.91865
-12.1054
-0.246405
0.189022
12.3159
-4.23923
-3.02974
-0.677242
5.98473
1.35016
3.29969
-1.5684
-9.43356
-1.08717
-1.26704
-7.8393
-2.0412
2.46364
-6.61341
1.72426
-1.78952
-2.96349
-0.826347
-8.37301
4.01741
3.91112
0.848279
2.49603
1.81771
-5.55936
-12.0101
-9.15386
-4.56421
4.90202
1.86343
-7.26823
-4.95795
-5.86938
-11.2439
-5.46159
-7.77039
12.83
-2.63279
-1.72606
0.623916
-5.26455
3.52291
-6.63042
-0.654549
-5.26406
2.19069
-4.48764
-8.07387
4.6467
2.81592
2.3827
-6.82381
4.54688
1.99749
4.9387
-2.19105
-1.86026
-10.4057
-3.21212
-4.02822
-3.07959
0.381876
-3.18545
11.0538
-2.54995
0.389566
0.197369
-3.89641
2.83766
-6.31372
-6.32081
4.09883
-2.11226
2.97586
-8.00429
-4.54019
-6.08527
-7.27772
3.64957
-14.4412
-5.15574
-8.12845
-3.75798
13.2933
-8.53684
4.44278
-6.96429
5.93261
4.19296
1.6677
0.263605
-3.70946
-4.18068
-5.33343
-14.0647
-0.0630986
1.03568
-1.86393
0.315534
-1.55588
0.473796
-9.3387
2.44418
-11.1812
-5.36151
3.93936
-11.3011
-1.4131
8.83379
-1.31977
0.348637
2.35463
7.11339
-4.45395
-3.16833
-0.349495
5.39278
9.54437
10.07
-7.45072
-1.01847
1.6298
-3.17175
-6.5157
-2.34555
-5.17151
3.237
6.96975
-4.81967
-9.45284
2.46059
-4.58391
-12.6871
-15.8952
6.62114
1.72163
-19.1075
1.66145
2.52063
13.9702
4.4087
-4.8242
-5.16911
-5.25047
9.86486
0.2166
-3.3266
-14.4174
2.64053
4.39806
-9.7484
-5.00019
-3.93771
-11.0387
2.7897
-5.05584
0.483741
-2.9357
-11.257
0.626121
3.34622
-3.73966
-3.19611
4.07921
-4.36226
1.91392
-2.94471
2.57209
1.79259
0.832822
-8.69032
5.96826
-4.11715
-2.28899
-3.67856
-5.26649
3.55558
4.67572
-1.50024
0.873358
-4.43501
-3.2377
-3.21823
-0.228861
-2.50013
-17.9702
-17.2037
1.06854
3.97906
-3.83559
-14.4234
4.72073
1.27524
1.08362
-1.34239
-5.99915
-10.076
-7.92821
-3.75878
-9.25239
-7.88647
-4.15405
-4.37974
-4.29016
0.233776
-6.065
-9.99675
3.75396
-0.0151018
-9.96826
3.39852
14.2689
4.57412
-7.06048
-5.65365
1.17151
1.11104
-2.56473
1.31724
-3.57342
5.99977
-1.26816
-2.36392
0.38273
1.81075
13.8586
-6.79362
2.9984
2.63105
-0.370392
-7.18235
-0.597842
-8.17559
-0.686847
0.204053
1.35115
-3.67856
-2.75936
0.615985
-4.07011
7.1092
-0.0793141
-7.83261
1.00159
-6.97517
1.11199
-8.79949
-6.15854
-1.65813
-0.700282
0.143255
-0.658013
2.2242
-2.3371
-3.3493
-3.72852
-4.47164
-4.17943
5.23659
-17.5628
-6.76168
3.03485
-2.22625
-0.36527
-3.72376
9.35744
-6.43752
-1.94232
3.10727
-11.0183
4.87667
-14.4773
3.60981
-1.21942
4.88987
-2.21121
0.264446
-0.512898
2.47523
2.31844
0.616426
-9.05678
-7.14677
-1.49323
-2.49018
-3.04558
-11.5549
-3.56715
-6.0622
-4.15862
-5.14954
-0.990615
0.650415
-6.5077
-4.42298
-1.93023
-17.3238
-5.09826
-0.566103
-2.09284
-0.607503
2.48501
-1.03388
-2.6091
-11.0925
-8.71547
-1.33535
-2.49903
-9.22932
-6.37731
-2.0445
-1.82435
0.205725
5.38392
-3.70351
5.1872
4.8504
-0.522235
8.11679
-4.01922
4.49001
-18.8432
-2.84025
-8.22147
-9.53102
10.9605
3.81342
1.44104
0.891656
0.438876
-1.65372
-4.65484
-6.37133
-2.79884
4.82215
-4.18152
0.178182
7.31445
-6.29016
-1.7
-13.6353
0.970916
-1.80895
-2.9357
-3.47543
-1.47109
-5.33147
-7.5059
-6.45755
-5.56192
16.6624
-13.1022
-4.17193
1.53794
-2.6017
1.871
6.35513
-2.00568
0.555902
-9.5681
0.804273
4.77163
-5.14906
-7.51672
-7.90516
-2.09431
-3.76715
-2.11336
-2.45406
-5.1324
1.01184
-6.09317
-6.58082
-2.74039
-1.53673
2.01804
-4.74932
2.06164
-1.51572
-5.04083
-3.75041
-4.54281
-5.42604
-3.78751
8.62627
-2.87389
-8.03321
-2.59245
-16.4509
3.66959
-0.871172
-4.68679
0.895322
6.43978
5.7177
5.17883
17.0572
-2.09541
0.255612
6.57979
-0.085388
-1.68751
3.49743
0.154051
-4.93716
-2.98304
-1.89543
-11.5286
-3.26867
5.32873
1.29962
-13.748
-1.67539
1.67031
-8.995
-3.07051
3.01762
-5.88346
-14.3821
-0.563002
-17.6298
-7.2175
-0.334884
-3.21212
-16.1138
-5.19259
-2.72664
-6.66146
-2.84025
2.97517
4.77483
3.20456
-12.9989
0.261921
-10.4968
1.54252
-10.7408
0.23126
-0.112068
1.11104
-5.41856
-1.12461
-6.75973
1.63705
2.57832
-1.86173
-5.99306
-2.84623
-2.27614
1.39766
-1.92767
-2.64168
0.499332
-4.50237
-6.26437
-1.32422
-3.58793
0.547607
-2.30955
-8.16739
-10.0058
3.17521
-3.90976
-1.78475
3.97559
-10.5478
-1.20638
8.72833
-4.65396
-7.70669
-2.28348
-0.585465
4.24461
2.36536
3.77533
-1.40644
-3.18317
-4.79749
-1.32979
2.21088
6.75211
-9.06834
1.01884
1.41009
3.88986
-6.23
5.24874
-10.0483
-7.48129
-1.55551
-2.0412
-0.899597
-1.04928
1.09637
-0.851814
-2.96311
-10.4484
-3.36009
-2.88362
-2.69989
2.25561
-0.838135
1.61275
-1.30753
5.80208
-8.58629
0.736322
-11.4487
-2.44044
1.41657
-3.69915
-9.35873
3.43856
-0.173241
-0.535062
-13.2051
-3.59029
-0.740511
1.06195
-3.37551
-6.68695
-2.79064
1.33048
-7.97472
0.258135
-0.39125
-1.69779
-6.4539
5.45026
2.68056
-2.54552
9.06739
-2.83129
2.19299
-0.776431
-0.724433
-2.07197
-4.37334
-4.15114
-0.93062
-5.66874
-1.81958
-7.36557
7.92831
-3.93528
-4.72335
3.82676
-3.51086
-11.9853
-6.07794
3.34325
-7.31367
3.61615
-2.39186
-5.02024
3.75396
-8.3348
-1.26333
-4.63627
-0.854472
-3.48049
5.29405
-5.35953
-12.1368
-11.3256
-3.44941
-4.24679
7.16624
-5.52625
0.887992
-7.60349
-6.37313
6.83399
-11.5597
0.475525
-4.25015
-9.89439
-5.13668
10.4532
-0.72788
1.41059
-0.967622
1.65261
-8.15649
-7.40153
-8.08188
3.22327
0.158622
-0.352257
-2.41431
-4.04175
-0.922681
3.34102
-0.477822
-6.56648
0.976946
-1.477
3.81176
-1.24138
7.69966
-3.91947
-13.8107
-4.13579
-2.02948
5.22327
0.868791
-8.73974
-6.85885
-5.70324
-5.69434
-5.82897
-7.19882
-2.51489
-5.48626
-5.21231
-5.71795
-2.56584
-5.00764
-8.91199
-18.1863
-10.2709
-6.3851
-3.58008
-5.07183
-4.32995
-4.47077
-3.04898
2.90824
3.65196
0.907249
-5.46964
-7.54856
-1.49249
-4.70727
4.39419
2.65511
-2.63501
3.45072
0.583909
0.154466
-1.43823
-5.2694
-0.4579
-8.15558
-9.11847
-1.24696
-3.7174
-1.2075
1.90084
-5.85426
-3.752
-16.8825
-5.8236
-2.24679
-3.23999
3.77781
-5.28839
1.00531
4.26136
1.85641
10.1073
-4.74484
-1.45891
-7.37453
-9.41949
-12.6229
-0.92079
-7.47976
4.22886
-0.0574166
-7.04315
-6.71579
-4.68723
2.35344
-11.6548
-5.27184
-0.491475
3.50822
-2.9312
-3.44902
-0.0464491
0.0012238
2.23523
-2.3011
8.96515
14.3538
0.501933
2.60775
0.353316
-9.35497
-4.1304
-0.105203
4.10599
2.45512
7.21347
2.26145
1.05303
-7.43098
7.28339
-10.1808
-0.514455
-5.78247
-3.48165
-7.17949
-5.36892
1.80808
-9.81063
9.0482
-9.18361
-3.86173
-10.3185
-9.62989
-8.11317
0.63318
-3.70391
3.44236
-5.72215
-4.5463
2.76168
0.250148
-6.56026
5.81348
-5.51711
-6.43025
-0.757336
-2.27357
-5.65054
-8.51784
2.67673
5.98473
-4.25645
3.78111
-10.4227
-1.16385
-1.13845
-5.2592
1.05819
-2.62131
-8.24647
-3.79991
-1.86905
-7.41208
-6.84824
-6.22478
1.12765
3.57985
1.21857
-4.99321
4.40193
3.45758
-0.270283
-6.91495
2.47095
-4.90358
4.41938
1.78567
-6.24512
-3.96087
-3.19421
-6.79035
-6.20222
-7.82342
1.88346
-1.8925
-0.299262
-0.484455
-5.83864
-4.91046
-0.647233
-1.93792
-3.99836
-8.18107
9.76233
-5.11768
5.44254
-2.41394
-0.275052
-10.4846
-2.6054
-2.39113
6.39212
-10.6356
-5.27086
-7.19022
-5.88563
-1.91998
-3.59657
-2.16759
1.38476
-3.37898
2.06781
-4.6107
-5.70534
2.85222
-5.52117
-1.25701
2.94192
-5.92812
-9.21362
-6.67355
-5.17725
-10.9081
0.696578
-0.369998
-0.79474
-0.281407
1.97647
1.28742
-2.49423
-0.752367
1.3295
3.81759
-3.74006
-6.98677
-9.77513
0.210742
-1.69119
-2.8926
-1.88847
-14.5016
-3.1592
-2.06098
-16.0325
5.76667
2.47767
-0.920411
-3.96942
-4.84646
-6.89684
-9.73162
-5.91992
-10.1887
-0.907169
-0.987978
7.73498
6.85721
-1.94488
-8.21686
-1.8903
-9.58947
-3.60443
-5.52523
0.686788
-1.20153
-6.88481
-3.63591
1.82092
5.7428
-2.85482
-5.43904
6.29547
1.02305
-4.59532
-2.54072
5.59751
0.218692
-3.09359
-4.21911
-1.4057
-1.20228
-7.21895
2.94327
6.03156
-6.07513
-10.5248
-13.7289
-0.614841
1.45858
3.60349
-2.95522
-8.50489
-0.524568
-9.50476
-8.82756
-6.91495
-4.89578
-3.09132
1.61946
-3.79671
-5.19499
-7.50282
-1.2142
-9.59215
-0.0159173
-0.589721
7.77838
0.682787
-4.60586
9.0597
-3.51047
-8.96112
10.2165
-3.67777
-10.0683
3.42946
-12.6667
-0.397932
0.177766
7.83281
-3.07505
4.1033
-5.87262
3.82592
0.949163
2.41998
0.793879
0.990881
-3.31392
-6.54846
-3.62409
-11.64
-7.00251
-3.28438
-2.99508
-8.62611
-2.30918
-1.05642
-0.523402
2.23465
0.575583
-14.6196
-2.04413
8.73179
1.25872
-3.14819
-6.17631
3.80927
-8.22794
2.6513
-4.99739
-8.78339
4.96112
1.98752
-10.7861
-3.09094
4.26509
-3.86173
-10.3652
2.44661
7.57176
-0.926084
-9.85226
-3.67263
-4.60894
-2.30698
-5.70482
11.336
-1.86869
-2.82868
6.04375
5.99525
8.40951
-1.27931
2.85222
12.3159
1.02398
4.75246
-0.725582
-7.18879
-6.30959
0.248887
5.97275
3.65756
5.32127
3.1631
-3.37512
-1.08492
1.41358
10.0227
-2.35143
-0.797027
0.289317
1.82092
0.30157
-7.37977
-2.23175
-6.4844
2.5466
-2.05805
1.45858
-2.55217
-4.21744
-8.28475
-4.16985
-6.66209
6.82629
0.823292
-2.38855
-1.72569
-1.44562
-7.40078
-6.92033
1.5298
-6.05995
5.71631
1.42355
-3.84202
-0.871172
-1.77118
-7.51595
-1.51462
0.798396
-11.0572
5.11026
6.02245
5.82923
-2.39186
0.34226
3.39852
-2.72329
-7.11852
3.65836
7.23951
-8.49199
-0.57695
-7.02106
7.08832
2.30723
-1.87089
-7.48206
6.99596
-6.24221
-1.01772
-9.68451
-6.48011
-13.193
0.566829
-3.22166
-0.469232
6.32351
0.113014
12.7276
-3.40602
8.12251
4.70287
0.149897
-5.15192
-2.73556
0.7229
-11.6997
-3.62961
0.991811
-4.83873
-7.47899
-4.86058
-1.97308
-13.0102
-17.9513
-1.71064
1.78727
-1.97748
-0.940067
5.22811
-0.383777
-2.19838
-7.83679
-1.14891
1.08503
-3.30816
-2.28862
-12.8661
-0.630661
1.0789
-2.68691
-3.12086
2.02751
0.479848
-0.477041
12.3939
1.09117
-1.59673
2.55902
-8.24368
1.17533
8.42518
-1.63461
2.02751
-0.091458
-6.43207
-1.21495
-11.3346
-0.241225
-0.659168
-4.36609
-6.6927
2.94124
-7.32474
0.318923
-8.91754
-8.62509
11.6204
-4.91644
6.39888
0.426412
0.709504
1.52269
-12.2598
-6.62285
1.00671
-8.65601
-3.16263
-5.08881
3.63203
-2.32277
-13.7527
5.89878
-8.49893
-0.023254
4.71757
-0.817975
-5.60193
0.430708
-6.19241
-1.0226
-1.59894
-2.38157
-1.93389
0.647761
-7.37304
-5.03287
-2.71623
-4.96767
-5.12622
1.11625
2.04594
-6.69846
3.65356
-3.37705
-5.95114
-1.94708
-8.59442
-9.49301
2.13286
-3.70669
5.8436
-0.88558
-1.33387
-6.85023
-4.02167
2.08809
-11.1344
-4.86514
-1.09504
-3.2637
-5.96049
-6.46303
1.32705
3.58772
1.02118
-11.931
-4.04093
-1.43342
3.15884
2.53731
1.40462
-2.3812
-12.4095
7.06964
1.45256
4.62817
-2.81898
-1.1534
0.143255
-6.21493
-1.90496
-4.79975
-5.68963
5.70522
0.710842
0.691236
-8.11945
3.70021
0.31977
-1.42677
4.97125
3.05354
2.79166
-2.60873
-1.68017
8.58965
0.582156
-1.69339
3.55948
-3.78711
-9.66666
0.788012
2.32377
0.826921
-7.61852
2.95818
-5.77131
-10.8398
0.70237
-1.119
-8.67989
1.39617
4.48704
-6.50893
-1.62542
-3.31123
-14.9115
-5.4086
-0.0484811
-2.42829
-4.29903
-6.87547
-5.884
-3.77154
-3.94786
1.77662
4.58121
4.91532
-4.59005
1.93578
-7.22688
0.235035
-3.1805
-3.95233
-1.65078
-3.15578
-0.582756
-1.50761
-3.59657
1.04974
-0.831672
-8.01829
2.36715
0.613784
-3.71303
-7.88393
4.88216
-10.996
-1.80528
3.11008
8.12251
2.55156
-2.32167
2.0264
1.21279
-3.04219
-1.28748
9.87978
0.465159
-2.49903
-2.90159
-4.01676
4.33956
-0.0346552
0.017578
-2.21085
2.3845
-8.84277
-13.3072
0.207397
-0.746631
-15.4582
-6.82711
-5.81396
-12.8842
-0.129009
-4.15862
-9.52181
0.554591
-8.12575
2.30016
-16.5921
2.73125
2.83964
0.713074
-19.2779
-11.6797
-0.129412
2.64053
-4.95564
-1.80712
-10.5372
-12.2568
-0.806171
-9.42715
-0.849915
-6.11411
-4.15945
-4.1002
-16.4509
5.6914
1.59678
-0.792834
-8.81134
-12.0969
-4.64865
1.10441
3.40454
-5.2234
5.06487
-1.60409
8.62627
-17.6639
-0.493814
2.3214
-10.3351
-0.477431
-4.9487
5.12669
3.4151
-14.4713
-4.95471
1.29816
1.98531
-8.96337
4.48506
8.4441
6.41416
4.8657
-2.29119
-1.453
-12.239
6.27581
-5.33392
-4.27329
-3.84362
-4.01635
-6.8955
0.882958
-5.34524
-0.381809
-2.98529
-4.39983
-7.16239
1.45457
12.7912
-5.24805
0.590928
2.8146
10.2389
-2.29046
10.5138
-1.5253
-16.083
-1.22798
-3.04521
-0.738215
-2.3812
-8.09258
-4.33759
-6.2749
5.83066
0.404969
0.565955
0.488934
-2.59948
-18.531
-4.41311
1.35509
-10.1085
-1.51683
-3.29972
9.61688
-4.84691
-5.8145
-3.93122
-5.27232
2.64243
-4.68012
-0.352257
12.0325
-2.89972
-8.49596
-7.62884
-4.05284
5.21241
4.80272
-4.13786
-0.648389
-2.55734
-3.95558
-2.27394
-16.9226
-8.42619
1.8878
-5.95773
3.57907
-0.55098
-6.61719
-0.147529
-2.18335
-0.439119
-1.66915
-1.63718
3.21175
-8.98933
0.951012
-3.27059
-6.29839
-5.59678
2.76103
-3.57224
1.85479
2.05771
-2.48612
-1.24101
3.78193
2.89015
-1.924
-0.818736
-6.58145
4.5934
1.43304
-3.79071
2.64433
2.41274
-0.403039
-3.09737
-7.25513
4.62817
-0.260738
-5.95994
-5.0338
4.59137
2.26846
-1.44192
2.69654
-3.88753
-0.960454
-4.43157
2.68823
1.04411
-1.24027
-8.75565
5.59483
-6.31077
-2.11556
0.418686
-7.12063
-15.0979
3.85188
6.01033
-3.14781
1.47114
1.35361
-12.5897
-0.0610697
-4.85329
2.27724
2.22768
-4.89807
-3.81794
-2.21341
11.0033
-3.64064
-4.11632
-4.88616
11.0176
-1.7055
-2.45001
2.61782
-5.47215
5.68589
-5.17869
7.59354
-0.298073
-6.81723
-0.453207
-2.9541
-8.9231
0.681454
-8.63022
-4.45739
0.781248
-2.94246
4.44376
18.9852
1.04552
-11.3957
-7.68487
0.210742
-1.3309
-15.3122
6.01638
-9.91198
-7.7327
-1.00229
1.70692
-0.49888
-10.6031
-0.930242
1.23305
1.33343
-1.94561
2.22362
-7.58929
-4.88433
-2.1064
-4.76774
-15.4666
1.44104
-2.12875
-0.721368
-7.11289
3.73352
8.47907
-3.34661
-9.76104
-2.63464
3.5587
-10.6429
-3.15844
-3.41724
-2.19398
-7.20097
-1.81262
-11.3503
6.43635
-5.40213
-2.06574
-4.42813
-0.732857
0.474228
-3.00374
8.0184
-1.09541
-4.69925
-8.48407
-1.45854
2.17746
-9.0189
-6.80869
-4.65528
1.66927
-2.79176
-0.237238
-2.89709
-3.43041
-1.99139
7.27016
-4.09814
8.31702
-4.64555
-1.49212
3.3122
-10.0775
-1.80308
3.6368
-4.01594
4.37782
-5.9693
-7.02106
-1.05191
-7.16097
-1.35166
-0.769941
-4.01881
-9.44254
1.35706
-4.41483
-1.01132
-3.58911
-2.98492
2.59646
-8.93089
9.96062
-4.20322
-2.76122
-0.709487
-4.59795
9.55784
-7.61773
-6.80213
1.33835
4.42716
-3.32583
2.04874
-2.90234
8.15123
0.136203
-6.88815
-0.801981
3.83595
2.96565
-2.48022
3.63282
4.71022
-4.13289
-13.0983
2.07006
-8.68718
-4.50714
10.2501
-0.0204015
-7.22832
-0.678395
-1.94964
-4.34056
5.84937
2.42421
2.72996
0.657941
-9.31879
-9.12905
1.31675
-9.43997
-1.7022
-6.04762
0.402828
-3.76476
-3.3366
-1.85696
-15.3843
2.85089
-6.96701
-13.6538
1.47618
-1.06955
-1.82031
-1.52125
-2.46327
0.103507
1.29865
-11.4603
-7.7425
1.8381
-6.50033
-9.99525
-6.84295
-7.86787
-2.64871
-2.51415
-4.64688
-4.93209
-8.93535
-6.11127
-6.98609
7.58384
-3.48243
-0.185271
2.3821
-4.51278
0.618188
4.06766
-0.0987371
-1.60593
-1.74881
-0.950641
-9.7386
1.51204
-6.34452
-9.4826
-3.62567
2.02807
0.191108
4.21501
-6.62348
-1.85953
-2.55549
-0.300451
11.4917
5.35497
-0.945732
-2.51194
9.33222
-4.49933
-4.16985
1.85102
1.31479
-1.0718
-6.44661
1.80113
-6.00193
-3.72296
3.50359
-6.48562
-7.35886
1.83112
6.37694
2.80148
1.43603
-1.21197
1.50242
0.387856
1.1739
-2.9586
-3.66433
-0.612138
-9.87253
-4.90449
5.72883
0.245527
-6.80541
-3.58675
-0.714471
-4.39128
-0.215683
1.52117
-7.48129
-12.4473
-6.83766
-5.20076
-6.11524
-9.35747
0.717092
-4.71933
3.04315
0.787561
2.49481
2.6761
6.31854
-2.5278
9.27415
1.766
-8.70497
-11.9717
3.58929
7.57659
3.07509
-3.2978
-1.70918
-7.03692
-0.707186
-2.65316
-6.5877
-4.58829
-4.76954
5.3064
2.87348
-4.846
4.80057
-10.6777
-4.18193
-2.18115
-5.78088
-2.93045
5.99826
-2.0379
-0.00326858
0.478983
-4.6708
-9.94445
-1.20601
-1.22203
-0.0240688
3.2843
-9.01548
0.206143
-4.54892
9.22522
0.122531
2.35165
-10.8767
4.53083
-1.84634
-8.491
1.748
0.225812
6.10225
-0.873447
3.8101
-7.74168
-11.4955
3.62567
-2.81786
4.80811
-1.24696
-8.69241
-4.96953
-10.4621
-3.74046
-5.51407
-2.45075
-10.3252
-3.27404
0.11136
-1.78329
4.54085
0.0388819
-9.25605
4.18107
-6.33799
5.67626
3.24714
5.6421
4.41938
0.674791
0.852832
-19.22
-0.17284
-3.1076
-11.1218
3.57122
-5.33098
10.4532
-3.27365
8.3537
-4.27118
-9.3437
2.02528
4.42911
0.41011
-14.8495
-3.67777
-1.87272
-1.79539
-1.51093
0.372487
-10.8436
0.225812
1.83058
-0.43677
1.33245
-2.25083
-5.49585
5.07414
-5.72689
-6.16197
-4.73856
-4.87519
-6.63358
-2.01263
-9.51393
-3.22433
0.459982
-5.64223
-5.94126
-2.40731
0.566392
0.249728
-7.05423
-0.680316
1.5161
1.82092
1.00485
-16.9767
4.44669
-4.39299
-0.22926
6.58336
-1.62799
-0.653394
-2.81823
-0.854852
-4.5293
3.85945
1.26746
2.08978
1.90737
-1.72532
-3.63907
-0.0906489
4.46042
0.242168
3.08765
-6.51693
-12.5209
-4.25645
-5.66197
2.42239
0.2028
-8.67572
0.662371
-10.9939
-0.608276
-3.65366
-0.141091
-20.709
-3.74165
-2.42351
3.88563
-6.68567
-13.7961
1.68963
-0.333303
-6.75195
-5.80327
-1.15116
-7.43173
0.646434
-5.42305
-5.6386
-8.47124
-0.264319
-11.126
1.98255
-7.07021
-4.17735
-4.28805
-2.88886
-1.16983
-9.36752
-5.81932
3.02313
-6.51324
-13.5176
7.96622
-7.52291
6.20308
-8.87777
5.45541
-6.93786
6.53012
-1.91045
-3.80712
4.60155
-2.68134
-2.61132
-2.28165
4.88877
-0.442251
-5.13763
-22.2753
-3.98204
0.291006
5.91051
1.93961
-0.852953
9.36589
-6.6927
1.99029
-8.33195
2.20048
2.33561
6.22072
-4.02863
-1.3435
3.10025
-8.05791
-2.65835
2.13172
5.52838
4.34432
1.12812
-9.18003
-2.10383
-7.08765
-3.48438
6.2336
-2.82681
-4.24973
-3.30663
6.88254
-2.30771
-5.2316
-1.57907
-4.28721
-7.62249
-1.18028
-16.9092
2.3989
-2.37568
-2.50013
-1.00379
-1.67429
-2.50862
0.945006
-6.91294
-4.04996
-5.39617
-7.17236
-4.58698
-2.47691
-10.4725
3.24497
0.431997
-10.266
-9.56145
2.64117
-5.22484
-5.48626
-13.1691
-4.78801
0.282565
-3.38439
1.73322
8.71109
-7.28284
-5.15383
1.27135
-8.24276
-8.5802
0.429849
-3.65208
-8.18107
0.867878
-3.5507
-3.41686
1.36398
-10.4899
-1.21309
-3.92352
5.76667
-3.80672
-6.4019
6.6302
0.0944234
0.137447
-6.72803
-0.625647
-1.45743
-5.64638
-2.17565
-11.6797
-6.65257
-0.915872
1.14572
16.8533
4.94429
-6.84031
1.85426
-6.279
-2.91433
-8.47716
-6.5404
-2.9327
-4.1499
-10.3769
-19.4276
3.30263
-2.33599
4.89539
2.44965
0.324009
-8.67989
5.99374
-4.9261
7.87491
-2.14194
-2.21231
-5.33245
3.63919
-4.82012
-0.0191788
3.39176
-6.26729
-8.95662
-9.04181
-3.86374
-3.48983
-0.772232
-5.45808
-6.14483
1.96159
2.09373
-3.19878
-3.56519
-0.717154
-2.4994
1.7001
-8.33385
-11.5286
-0.600935
1.64016
-6.39289
-6.08301
-9.40293
-14.5881
-11.1556
-3.44281
1.16672
-8.95775
-0.149943
-16.5681
1.75064
-1.27596
-1.22984
-8.05879
-3.20183
-4.50627
-9.24387
-1.25552
-3.717
0.14284
3.26459
1.4913
2.09938
-1.57576
4.40967
-4.76954
-0.272668
0.748424
-3.06144
-13.6353
-6.22362
3.14606
-4.29481
-5.27135
-9.37887
-5.71269
3.39702
-3.46377
-7.47057
-0.632975
-5.00718
-0.689535
-1.26519
-0.76956
3.04176
-4.01267
1.54558
-1.77852
-4.01881
-0.792452
-4.73811
-2.97627
-8.24276
-5.37634
-4.89028
-6.10901
4.71757
-5.49939
1.97868
-3.52413
0.1445
1.78514
-1.82765
-1.99762
-3.60207
-1.01847
-9.06487
3.25731
-8.57918
-11.1408
0.139936
-4.18902
-1.66621
-0.174846
6.23521
-8.30544
8.03784
-4.60762
-8.01741
-6.65574
-10.9798
6.73148
-5.19644
-8.6087
-3.47388
-4.87016
-3.63907
-5.17964
-8.9735
-0.15959
-0.692606
5.05678
0.144085
-6.01026
-7.31736
-5.34868
-11.5049
-3.81713
3.72374
2.98882
-6.32258
-3.60521
-0.646463
0.00694451
-3.44553
-1.82105
-20.0381
-9.94001
-5.54405
-4.08988
0.250568
3.6384
0.177766
-2.33159
5.7442
10.2783
-8.82648
2.25678
-2.21928
0.675235
0.133301
-8.33385
-1.14219
-7.51131
-5.62515
-8.47321
6.7054
1.47769
-1.30345
-7.59559
9.85
1.97206
-1.01207
-5.27914
-1.85257
-6.00803
-4.31511
-19.6839
-0.533119
-8.21778
10.1397
0.541065
6.61391
-3.8722
-5.97978
-2.70881
1.25144
20.6903
0.801108
0.257294
-4.31977
0.904036
-3.22357
-0.635674
6.38705
-1.81262
-6.23465
-6.76948
-10.1397
3.80927
0.272026
4.49893
1.27816
7.23733
1.33687
-2.05475
-5.96599
0.690791
-3.88995
-4.39213
-2.68208
-1.50798
-1.10066
-1.34869
0.550662
-1.67356
-6.55032
-1.62946
5.80065
1.00624
1.30989
-0.0208091
3.08207
-0.452034
-1.30085
-1.2451
1.52066
-6.73642
-2.60688
-14.5507
4.91643
-1.13583
0.536707
-13.4691
-4.73408
-5.27281
-5.84509
2.42119
2.58957
-9.83784
-13.0983
-11.233
4.79626
-4.47164
-3.15009
7.35483
-18.818
-2.39407
-0.268693
2.62159
-2.19398
-2.968
0.845549
-3.11745
-4.1836
4.35004
7.53817
1.61224
3.41057
4.06588
4.66533
-7.0577
-6.31963
15.1632
-2.77313
-4.6544
-2.13864
-5.3798
-1.76055
2.61215
1.20749
-4.00122
-2.90271
-5.88237
-5.76866
-15.344
4.68197
3.96866
-6.18608
-3.34353
-6.5852
2.30782
-6.33977
7.68714
-6.3983
-2.04157
-4.58654
-7.00594
6.86888
-2.64019
2.78839
-9.02576
-2.0445
-14.4652
4.35577
-2.61798
-5.41806
4.63125
-12.5306
-6.95411
-5.52472
-10.998
-0.0525438
1.07419
-6.93651
-5.42355
-3.3952
5.52575
-1.70477
-6.24512
4.92643
0.157791
5.01205
-3.48827
-0.574239
4.94206
1.17007
-3.19459
-1.05642
-5.871
-3.14515
-5.85426
-9.82923
3.89071
-6.0493
5.35873
-4.87062
-3.43467
-19.2488
-2.64723
-3.66314
4.00342
8.64979
5.19798
-1.76825
-0.43011
-3.53155
6.79566
-6.6513
7.90952
1.46913
0.350763
-11.3639
3.16381
-2.10713
2.89818
-8.30262
-2.31616
-16.9904
-1.92034
-4.98716
-15.352
1.03053
-8.37974
1.09023
18.5223
-11.8538
-8.37013
4.33956
-3.08791
-7.61219
5.83641
1.03568
6.36686
-3.64577
1.57625
-1.11226
-1.50872
1.11578
-1.18289
-7.26969
0.648645
-7.66157
-11.5049
1.85479
-0.694142
-8.70707
4.25019
2.08301
-1.78035
-0.33765
-8.57513
1.36645
-0.147127
3.73678
-1.39719
1.88888
3.40529
-13.2091
0.753809
-1.22649
-4.55066
-1.03388
1.58497
-7.12275
-1.54225
-9.03378
2.99566
-3.96534
-7.05146
-2.52374
1.04411
-0.254371
-3.39172
-6.36178
3.23411
-0.774141
2.065
-2.71549
-0.139884
-0.948376
-1.20787
-4.37334
-3.48204
0.472068
-3.34045
-4.6819
-3.37512
6.42268
-1.80858
-5.53998
1.99638
-3.1923
8.86612
2.54908
1.6412
-2.90459
-1.77522
2.89617
-4.7314
-0.422662
-4.35417
-5.06901
-2.10347
1.76547
4.25391
-1.79172
-0.539335
-5.39418
-3.0437
1.56959
-0.284981
-6.71194
2.04147
1.35065
-2.678
-11.8224
-0.153562
12.2399
3.56809
0.855565
0.383584
1.63032
-4.68768
2.07625
-1.82728
3.52214
-6.87614
-7.70993
-3.34006
-3.92717
-6.97449
-1.77668
-17.6811
-2.85408
-4.69346
-2.49423
1.5004
0.982516
1.3143
1.18923
-0.500438
3.18879
1.83326
-13.1139
-11.8146
0.638479
-4.49977
-18.2689
20.056
-1.91595
-0.33844
-3.05804
1.29816
1.44404
-9.7414
-3.01654
-7.03692
-5.30842
-1.0643
-0.406181
-4.33462
-3.5296
-2.95109
-3.48632
-3.42576
1.28206
10.3587
-3.64104
-6.0303
-2.32571
-1.28451
-3.08451
1.06477
13.5961
-3.07656
-3.27135
1.884
6.86693
3.72618
-8.39806
-6.76948
4.62201
1.40561
-8.93089
0.976946
-3.68766
4.54487
-5.8683
-4.60938
-10.8263
-11.1662
-9.80492
-8.24183
0.866509
6.17601
3.35439
1.36398
-1.35795
2.90421
7.96895
-9.31507
-2.92895
-5.09211
2.95072
-5.73902
-11.5887
-5.05678
-4.24301
-6.44115
-4.62039
8.23602
-7.71805
-11.2113
1.59164
0.474228
-0.672245
-4.36183
1.69957
-2.64464
-2.86043
-2.26807
3.66317
-16.1035
-3.56323
-5.23402
-5.95499
-2.18005
3.99122
-1.01809
0.576459
-1.80565
-1.99725
4.47617
-4.69836
11.0538
4.67572
0.742594
-3.82796
-2.13424
-0.571915
-11.4627
-1.03238
-4.24259
-7.33732
0.0635249
-5.54864
-4.23839
-0.727497
3.01762
-5.84509
-4.64953
-1.16049
-3.09586
2.93854
-4.29734
-5.34819
3.82259
0.521474
1.15097
0.00939732
-2.20021
-0.929486
-8.70812
17.0049
2.66527
2.35582
1.51965
1.40661
11.8666
2.81855
-0.364876
3.94968
2.36656
0.247207
-1.23059
-1.97858
-5.62101
7.3843
5.07878
-2.06794
-4.32783
6.63746
5.38265
-2.79437
7.02238
-0.467279
-5.72426
-6.56897
1.45908
-9.64482
-4.65484
0.41011
-5.51508
-7.59796
-10.3268
-5.02866
0.459551
1.41407
-1.63865
2.94665
12.5443
5.02233
-0.0760732
-2.16686
-0.651084
-2.05768
-5.54711
2.8337
-8.85476
-7.78028
-7.08556
-2.27688
-3.37705
-5.30745
0.889824
-8.58324
-7.83512
-2.90683
-3.34353
-2.74485
-3.80071
-5.26018
-0.384564
1.15144
1.67083
2.04706
-4.69391
4.45649
10.5322
5.86383
-7.69375
3.6027
2.46303
-1.37018
5.26704
-0.815311
-5.9429
7.81717
1.78886
-10.6447
1.4913
-2.45885
-7.54544
-1.61512
-3.61268
-2.69433
15.3971
5.59886
-8.57817
8.049
4.00779
-9.56145
1.40959
-6.38749
-7.03416
3.59559
-6.5528
-1.35277
-9.24023
-5.21664
2.89818
-6.79493
-4.33377
2.94056
0.729161
-5.35016
-6.28957
-7.115
-11.3436
-10.8456
-1.39571
-3.79191
4.77376
-5.91446
-3.81954
-2.96086
-5.67865
3.83763
6.48812
-1.36832
-5.98974
-1.91192
-6.74353
5.28544
0.898531
3.4905
-6.65574
-3.20335
0.576021
5.76667
-7.54155
-2.04743
-11.2113
-4.12584
1.13573
-11.8591
-8.85695
-13.7052
-0.0772887
3.8958
-6.40852
1.32116
2.24861
-5.88509
-3.92595
-6.88281
0.658827
0.328674
-0.972902
5.63395
0.196117
4.57715
6.146
2.95207
-7.50128
-0.978934
0.106399
-4.74125
4.43009
7.75788
1.15383
8.56657
-1.30864
-1.37499
-10.2676
-4.35842
8.25682
-13.5578
-1.77668
-2.87239
4.16012
-4.97741
-3.39559
-8.68301
0.649088
-3.33852
-10.2955
-0.428542
-1.87272
-0.165213
0.864684
-15.6734
-6.05042
-6.75389
5.73441
-4.79523
-9.85804
-2.43013
-0.0301778
-1.9317
-2.77946
-2.61761
3.26459
-5.19163
3.38426
-7.53067
11.9241
-11.2027
-2.37127
-0.330536
0.725583
-1.30382
3.8544
-0.553308
-11.9122
-7.27991
-4.13952
5.29282
-6.47523
-2.60392
-2.2945
-3.02144
-1.09841
-1.18848
-2.50271
3.15386
10.1506
0.413539
-0.10803
1.04317
-2.98379
-0.839275
2.54164
-11.7072
1.29816
4.47815
7.16198
1.22677
-0.780247
-2.20865
-0.562615
-17.9513
-1.37647
-12.6397
-14.0489
10.8291
-6.36835
12.1657
-0.196886
-7.94452
-16.0025
-17.3857
0.894405
3.78276
1.04927
-9.69002
-5.12812
0.506705
-10.6211
-2.62575
11.7547
-3.86414
-4.11756
0.0233088
9.33222
-6.34155
-4.4963
-1.60335
-6.67164
-0.0695881
-4.40882
-0.570753
0.4725
-1.59048
-9.79071
11.3122
-8.16285
-5.77291
-1.32719
1.33933
-1.50134
-0.818736
10.3011
-6.09147
1.86613
0.364387
-2.60836
-12.5897
-3.88672
1.54711
-5.24951
-2.3698
-0.984964
-10.9219
-2.83129
3.07579
1.22581
-0.170432
-1.55109
-4.00122
-5.36645
5.50084
-6.26729
-2.38341
4.25857
4.9387
-2.54072
-7.99209
-3.58872
6.94773
-1.98517
-0.970639
2.25211
-5.63757
0.694352
-2.21928
-0.921546
-4.43587
-0.471185
8.92443
-3.71978
-3.48477
3.17878
-6.14026
-3.92676
-3.85569
-3.03917
-4.39085
3.59717
-2.80928
-0.345548
-13.7913
-4.44878
-3.33429
11.1351
-9.00864
-4.61643
-8.57715
-10.5389
-0.354624
-3.18888
-0.947243
-11.0285
0.161533
-7.65436
-6.53422
6.83014
2.35463
-2.25046
7.77324
2.56586
-2.27614
3.10868
-7.29236
-5.05162
-0.517179
-0.915116
-1.35017
-0.406966
-5.11388
11.0905
3.19308
5.88709
2.32969
4.59544
0.196534
-9.40039
-1.27113
4.98593
-3.79191
-3.58401
-4.91552
-5.65573
-4.29903
3.73352
-5.58959
-7.8645
4.46829
-0.555635
0.404969
-6.14254
0.0536597
-5.22002
-7.57044
-5.17917
7.3752
-9.19678
-5.48021
-11.479
1.16099
-9.18481
5.70522
0.0553032
-2.20608
5.59886
-2.29964
9.08282
-6.55404
-1.86356
20.2025
-0.206489
-6.08527
-10.157
-4.31088
-4.9146
-8.12215
-4.43114
-1.87492
-4.69257
-8.54286
1.9303
-7.10025
4.8254
-6.06332
2.1574
-1.04666
7.13232
10.5016
-11.6523
-8.80164
2.71001
1.71427
-2.74523
-1.08942
-3.7325
-6.17172
-5.04177
-4.32147
4.24554
-9.05448
11.336
-1.38942
-4.40754
-2.49055
6.37357
-1.21122
-3.54953
1.03334
-3.88914
1.90683
-11.3323
2.22768
0.358424
1.56447
-7.073
-7.02795
10.716
-2.36649
-6.09882
0.249728
-13.0983
1.43104
-2.16796
-4.55634
-15.1727
-2.05622
-2.73853
-7.28211
1.44304
-6.97177
-3.18812
-3.71423
3.62487
-3.32353
-0.491475
-5.90792
10.156
-3.74563
1.5232
0.632739
-0.311545
-3.60561
0.599271
-4.67168
0.563331
-0.517568
5.03837
3.89156
16.8533
-2.00201
-6.63927
1.70744
-8.96899
-4.05982
7.30999
1.10441
1.80647
-14.7095
-6.62412
1.36003
-3.62173
-3.60836
0.307491
1.24902
-6.95004
0.982052
-5.95059
3.01556
-4.38358
-1.22426
-8.93424
-3.8573
-2.24752
-0.774141
-1.99615
-7.61932
-3.56715
-3.92676
-1.41051
-2.01154
0.247627
-3.2955
6.83785
-4.73543
-2.73407
-2.51378
-0.923059
-4.56989
-3.54366
-2.13424
1.33048
1.00345
-5.92866
2.85023
-4.4449
1.65781
-1.50835
2.26261
-0.712938
18.5223
-5.96489
-1.00304
-3.17289
1.47668
2.83568
3.27261
-1.21942
-6.52927
-3.2549
-8.76736
3.02657
6.31854
-1.6787
4.80487
-1.86612
-1.87125
-2.77984
-4.67035
-7.56261
8.15123
-9.31011
-4.44361
-5.25823
-9.75542
-1.1758
9.5265
-5.24079
1.19211
-4.08824
4.2409
-5.39716
-0.507838
-7.95916
-3.94299
-6.95207
2.5077
-4.32486
-1.64821
6.06826
-1.19706
-0.414424
-1.27485
9.17703
4.65394
0.482875
2.62538
1.2923
-13.052
-0.836234
-1.6063
1.41358
-1.83168
3.04315
4.20489
0.11715
-11.2989
3.62408
1.41507
4.94877
1.30696
-1.76862
-4.79794
-2.36466
5.6983
-0.307584
-4.39898
-5.68649
-6.55218
-6.22826
-10.0134
-1.26444
0.586102
-9.3713
7.57659
-1.50024
3.46521
15.553
7.85379
-2.44449
0.35289
-0.852953
-3.09132
-13.5176
-2.13644
-5.11009
0.286363
4.66119
-6.07794
0.497598
-0.0752628
-9.7498
0.0442156
1.13002
-4.2754
-1.596
-2.9868
-1.84304
-2.2956
3.68568
-4.7229
-3.1611
5.54951
-4.6819
-4.75605
5.03607
-11.0102
-1.59269
-9.3713
4.51186
-6.64053
-3.80031
-0.313921
-5.11151
0.289739
4.58121
-5.75646
-0.873068
-6.74223
1.37832
-3.35508
2.20395
0.386575
5.90317
-7.56966
-4.70772
-3.6837
-0.88179
3.75642
-0.0626928
-3.67263
1.5563
-3.68925
-1.71211
-0.679932
4.04642
-4.70282
-2.57101
-8.49695
-3.77713
-0.801219
-1.75321
-4.0049
-12.1111
-4.59137
-0.981195
-0.287362
1.66354
2.7068
1.27086
3.63521
6.24653
0.735874
-9.16573
-3.12655
-8.45061
-0.824064
-8.04025
2.36954
0.656169
-3.84523
-7.67521
-12.2153
17.2758
-3.10381
2.07231
-0.244812
-21.333
8.53714
-6.59709
6.31028
2.48746
-5.40511
-0.201289
-3.6584
-14.4234
-3.62291
0.605424
-8.51385
-2.91658
-6.19069
-4.58084
-4.31469
-9.59886
-1.08905
-0.79817
4.24368
-0.832812
-5.09023
2.86483
-8.9735
3.20456
-6.19241
-6.99703
-9.91933
-10.5196
-5.96544
-8.11227
-0.944599
-5.82521
3.70426
0.876557
4.82215
-7.66157
-0.562227
0.662814
-6.21146
0.889366
2.85885
5.40293
-2.90608
-11.0183
-15.9435
-2.4305
-8.85804
0.263605
-0.0926716
-1.27856
1.21809
2.68184
-7.71805
0.59971
-0.06391
4.38551
-11.6797
-8.05879
-0.957436
2.78447
-4.08452
-11.7835
-12.0658
-15.8952
2.2632
3.96261
3.86872
5.38265
-8.34622
2.17976
2.32613
-2.17089
7.67966
0.422548
-2.1075
-5.47366
0.795234
-7.69617
2.20799
-6.36238
4.90313
-4.03806
-8.05702
-0.532342
8.69395
-0.208488
-22.8867
-0.527679
1.73427
-1.53194
-5.45908
-0.435203
-7.88563
1.61378
-0.725965
1.43204
3.92736
-0.846116
-5.18923
-5.90737
3.99383
0.151558
-6.06725
-1.56177
-4.60938
-0.463763
0.76864
-18.5539
-1.28042
2.81855
-9.1314
6.12405
-1.00379
-2.55032
0.240909
-6.02472
-3.8573
-5.55119
-0.209688
0.7993
-0.789402
-8.15195
-5.98752
-7.1745
0.681009
-6.58957
7.0449
1.36003
-2.35694
8.7701
11.0538
-2.69024
4.12125
0.916898
-2.94208
-14.2501
0.0249469
-2.11116
-11.145
1.33491
-1.3372
1.55068
-0.676089
-6.82381
-6.22652
-0.843076
-0.36054
-5.70377
-0.769178
0.611583
-7.45072
1.79473
9.0751
0.37718
-6.04315
-1.80748
-21.5735
1.88075
1.53184
-6.31372
-5.37584
-4.92426
-1.54667
-2.62242
3.21606
-13.2989
-1.66327
8.79471
-6.7068
-5.93907
7.3752
-4.528
-1.9577
1.76707
-9.58679
-12.8374
-1.33201
-0.815311
0.792074
0.797041
3.11782
6.54954
-9.81205
-4.44189
-0.0894351
-5.07372
-2.30918
-5.43204
0.392986
1.5824
1.36496
-6.67291
-7.27407
5.07878
4.91532
-2.27761
-4.71307
-4.8301
-0.513288
-3.72535
-5.89486
3.6881
-2.45149
3.77121
10.8769
-3.5058
-5.92866
-1.14742
1.20749
-2.5374
-6.21435
-7.6209
11.0033
-1.9892
-11.0531
0.623916
0.059002
24.3628
1.93687
-5.23305
-5.36743
7.56935
0.125843
0.661485
-3.18964
-2.4224
-0.345943
-6.52927
-2.11739
3.74823
2.81066
-11.8302
-2.48022
0.536272
-8.61893
-8.71863
-3.64222
0.898072
1.9314
1.47416
-7.70588
-4.26824
3.72944
-4.1528
0.632297
-1.11713
0.816493
-4.70594
-4.24973
-5.97206
-2.56399
4.13386
5.4464
3.30116
-4.68056
0.673903
-1.79099
-0.060258
1.74377
-0.53817
-1.63792
2.68248
-4.22539
1.59421
3.48589
-8.75246
6.24006
-16.6285
1.92538
-0.292124
-0.869275
-2.42167
-3.7321
-2.03827
-9.84072
-1.2291
-2.38377
-13.7671
1.49989
-4.91138
-5.90193
-3.64814
-4.44103
3.82342
1.39021
-0.843836
-2.90646
15.5212
-4.81559
-3.56088
5.83928
-5.17821
-5.09684
2.76623
-4.76864
-5.66718
-0.108434
-0.713321
-0.948376
-10.9557
-6.67546
-0.849155
-2.54589
-2.52891
-3.69559
-2.59689
-0.148736
-1.88957
-1.78622
-3.80512
4.14833
1.96489
-5.81289
-8.7759
0.806986
-3.64932
-1.27411
10.9184
5.1314
-4.55765
1.50849
-0.0659382
-5.71111
8.0574
-4.20991
-5.7001
6.34678
12.7912
-3.88309
6.04222
-6.66527
-9.96229
-5.58035
0.892114
-5.64586
-3.03841
-3.87744
2.15396
-17.018
-5.48575
4.03673
1.24515
2.72416
3.54856
-2.10237
-6.56088
-0.955926
4.97012
5.89293
-2.14597
-0.36724
-5.33294
-4.34694
0.582156
-4.34184
-13.201
-7.68568
-15.7183
-1.40163
-1.41383
1.20124
6.68875
-3.62488
-4.33546
-2.58838
2.41756
2.22536
5.57877
2.33858
-4.25645
-10.1131
-5.59164
-3.61268
-13.0674
-3.71383
-2.76755
-2.38524
-1.27522
-3.96616
-2.40437
-5.26649
-5.90084
-2.21855
-3.4339
-1.20861
3.6384
-3.36548
-8.1893
4.03145
2.95072
-3.28246
-4.74484
5.24631
-0.0269201
-3.67856
-2.53851
-8.65601
-4.44404
-8.65911
-2.20058
-1.78622
6.48639
-4.95286
-3.50541
-1.19184
0.116323
-4.75336
-3.85126
3.61298
-4.08865
6.66667
-3.26485
0.217018
6.11158
-3.25528
-7.2139
-2.82532
-0.0097991
-6.82645
-4.19988
-1.31124
-13.328
2.05603
-1.97784
-5.6495
-5.40462
4.26229
-1.34758
-5.73427
-4.48244
-10.1131
-2.17895
-1.66731
1.44805
-0.528067
8.13397
3.13474
2.56275
-2.78319
-3.77234
0.352039
1.28352
4.46337
-2.36172
-7.24569
-9.12082
-3.93447
4.59442
-8.37686
1.23982
4.63434
-7.09115
5.22569
-1.66621
-8.66949
-3.2209
-4.32231
-12.2778
-6.06838
-9.15741
-0.0236614
-1.25961
0.252669
-5.51965
-6.66782
-15.7093
-0.477822
0.557212
-3.7182
-4.93209
0.185685
-8.24461
-6.00304
-5.82736
-5.92484
3.53921
-3.36548
1.17294
-4.24931
4.34146
-9.93409
6.79947
-3.54366
-1.92217
-1.93975
9.4257
0.325705
-8.97915
-8.58222
-1.87931
-8.60564
5.52838
-14.2165
-2.11006
7.5984
6.70912
-9.58545
-8.67572
-4.09855
0.330371
-11.4931
-2.25119
4.56906
-6.61908
13.3392
-4.47769
-2.5614
-6.98063
4.58222
-0.158786
-3.78312
-4.68101
-9.86093
-5.33294
4.56098
0.375473
-0.230457
-0.0963113
8.09971
-0.961209
1.88509
-4.23797
4.43887
-3.71224
0.410539
-6.94936
6.91794
1.10204
-7.85608
-1.05604
-4.22288
-2.83615
-0.77185
-1.45485
-11.8094
-13.3239
4.16012
0.967208
0.612904
-3.90126
8.16569
-6.12944
-1.90129
-6.86416
-7.21534
1.73163
-4.24679
-3.02861
-2.75825
-2.12948
-3.38863
2.38929
3.2843
-5.05162
-2.66465
-9.1373
3.34548
-4.58216
0.927482
-0.415602
-1.94488
-6.86682
0.649088
3.36259
-1.5533
-5.52472
-11.1919
-13.1532
-15.9533
-3.61504
-0.958568
2.53174
-0.0541683
-2.55771
3.69617
-2.08332
-0.391643
2.67929
-14.3011
2.3214
1.66614
-9.43356
-2.99846
-0.831291
-9.7456
-4.58566
-7.64557
-6.27666
-2.37642
-4.83237
-3.31162
-1.37351
0.190274
0.946853
-7.76463
-4.73006
-7.81592
8.56986
5.04871
-2.45738
1.6112
-5.18396
-5.36101
-3.49099
2.44297
-8.14652
-1.24622
-7.0314
-8.18656
3.09815
4.34432
-3.26599
-4.31088
0.0771072
-1.20973
0.163612
-2.21671
-1.67025
3.77451
-6.30546
-5.03708
-7.27188
-9.02919
-3.95314
-3.51359
-4.66326
1.40313
-2.57064
-2.90983
2.70873
0.0179873
-1.70147
3.2544
-0.982326
-3.64853
-5.60399
-9.78079
-1.4142
1.13811
6.68875
-2.27137
-2.75564
-3.36972
-8.22701
-1.78842
-6.95546
-3.64261
0.302415
-3.02144
-5.71322
-8.18838
12.0025
1.59524
-0.883306
9.8599
1.19595
-0.373936
-11.6228
-4.56158
-2.11482
-4.9367
-1.5452
-3.93325
-4.45093
-5.68754
0.475957
-7.01624
12.338
2.77143
1.77662
-0.943844
-1.28785
4.20949
-3.69876
-2.32791
-4.61422
-0.711788
-7.93678
-3.36587
-6.68184
-2.23799
2.41334
2.76428
4.78339
-4.92472
7.90417
-4.93255
-3.17251
1.23499
-4.43372
11.5682
6.45524
-4.66813
-2.11299
-11.3346
2.29016
-7.41963
-8.82215
-3.65011
0.251408
-4.7046
-2.20828
-4.26276
-0.863963
1.95663
-1.56803
-0.166016
0.440167
-0.885959
1.54405
-5.63601
-0.808076
-1.21197
3.78028
-1.5868
-0.0110231
3.56809
-4.9737
-6.23348
3.89835
-4.4937
-0.881031
-0.841556
1.48727
3.99906
1.00159
3.74986
5.89001
-7.78771
-2.76792
-5.07937
0.835093
-3.0222
13.5298
-6.43509
-1.28674
4.8135
-12.2928
6.64656
-2.50972
-5.01464
7.98809
-1.75615
-4.3168
3.02381
-7.43477
-5.05819
-3.43273
-3.17251
-6.69398
-15.2108
-0.456727
-6.75
-1.48069
-3.02936
-4.5354
-5.71847
7.60814
9.29891
-2.03827
14.166
-1.52936
-0.0395372
6.61752
7.9122
-4.47898
-2.44486
3.70912
-5.33884
-9.44768
5.87544
-7.24642
-6.01415
-5.2694
5.42204
-0.866619
1.51153
-1.89543
-0.855611
-0.661477
-1.59416
11.7916
-14.4234
-14.1889
-2.06318
8.1773
-4.86833
-4.23797
-4.73543
-1.54815
-1.56214
-5.83273
2.97177
-3.56284
4.12485
-0.823683
-2.36098
-10.2774
-2.4607
3.1404
-8.59239
-10.3501
0.539322
0.978802
1.55885
2.34452
-7.75642
-0.756571
-10.146
-12.7841
-0.47587
-4.8002
0.270762
0.493265
-1.61292
-4.20447
0.622153
2.71965
-1.47331
13.2037
2.3989
-2.29964
1.41308
0.856476
-12.0073
-10.0468
2.43025
-4.31765
-5.33687
-1.24213
-1.72606
0.790719
-12.0378
-1.80822
3.84349
-1.11339
-9.38265
-2.22038
3.47822
-2.95785
1.35509
4.58832
11.6645
1.26843
-10.8014
5.4852
5.2646
0.944544
-1.84377
-5.37931
-8.41938
4.30262
-4.14325
-2.68097
3.95657
-1.5312
-5.54915
4.48704
3.0737
-7.08975
-3.29128
1.68231
-13.8898
-0.622175
4.60053
-7.25513
-0.581208
-2.51931
-10.1069
1.55272
3.9009
-12.0434
-7.59638
-2.12362
3.3277
1.4908
-0.392429
7.458
-1.24845
-4.36013
4.88877
-2.08515
-3.40216
13.4172
-7.37229
1.61378
-6.68759
-8.3329
-3.50658
-4.3917
4.82973
-1.14256
1.93523
-4.44705
-3.82034
-1.1089
2.77339
2.30369
-0.642996
-1.22798
-3.00374
2.47767
7.72232
-4.09112
1.80968
-4.34481
5.23538
-2.19472
-6.34095
1.23015
4.06234
-9.62312
-6.86815
-18.3323
-4.01635
0.404113
-3.92798
-2.7817
6.32517
1.67187
0.26108
4.63948
-2.43418
-2.87426
-9.00636
-2.79064
7.54056
-1.45485
-5.47718
-1.93719
-9.3064
-2.18188
-0.515622
-2.66651
5.95336
-8.1683
-1.37055
-11.0387
-3.15502
-2.23652
-4.84236
4.09704
-4.11301
4.81674
2.88414
-3.63197
-2.61206
1.66718
2.23348
-9.325
-1.80162
1.85533
-0.240428
-2.95072
-1.89653
13.7508
1.07607
-9.13612
-4.44921
-3.47582
2.53174
-3.12845
1.71479
-5.87154
6.05598
-8.05084
-0.255167
-9.31755
-0.926084
-1.77668
-9.49954
0.900365
-5.64275
-0.403039
-3.37088
-0.55292
1.4071
-4.17818
1.06995
-2.72032
-6.70359
18.8867
-5.08362
-4.5962
-11.1408
1.78088
-1.20489
6.72587
7.03055
3.01624
4.2567
2.84626
-1.42899
2.87614
9.37013
-6.98951
-3.16491
7.3843
7.90684
3.03071
-4.38999
0.771339
-5.78194
-0.841176
-7.16452
4.45551
-1.19818
5.30888
-11.22
1.82146
1.22243
-4.55153
4.07121
-7.35812
-1.05642
-3.5421
6.83978
-11.6106
0.421261
-3.59068
1.17581
6.59411
-5.49939
-1.10852
0.272869
-4.99274
-1.97455
-7.85356
3.17165
1.23112
2.44115
5.1693
-2.95259
1.81932
0.00857965
3.93507
6.3318
-5.29376
-3.07732
-2.87426
-8.73762
1.97702
-1.30307
-3.70431
-7.19882
-7.94022
4.18016
10.8495
0.539322
-2.94021
-2.32901
1.29425
4.23256
-4.62568
4.9555
-6.78317
1.41906
-3.93974
0.441888
-4.17777
3.82092
5.20639
-7.58614
0.878385
4.71968
-14.7422
1.30011
1.54864
-4.93624
5.24023
-2.03058
0.0750479
-0.904898
-1.21085
1.86019
-11.1302
8.30792
-6.23116
-0.160393
-16.5325
5.27807
-4.4561
-12.6769
9.88977
7.34356
-2.73296
-2.00934
-8.72495
-0.815691
3.19953
-2.88774
-3.39675
3.63521
-1.23729
4.52283
-0.88558
-13.2414
3.69294
-3.57773
3.3019
-0.743189
1.79739
-2.82196
-9.97275
-2.1434
-2.28128
-1.2224
-6.64686
-8.1051
-4.70995
-3.82275
-5.79473
-1.85037
-5.73269
-17.1453
-3.65129
-4.60367
-0.903383
-0.450861
1.11815
-4.52669
1.06101
-8.25857
-4.11425
13.8403
-2.80965
-8.2707
1.41009
-4.18777
7.48842
6.27417
-7.23555
-6.77534
-3.54484
3.26386
7.64494
-12.3722
-10.8786
-1.11114
9.94021
-7.24062
8.90244
-1.76495
-4.38615
0.093598
3.57279
-0.913224
-0.651084
-12.2718
-0.618315
6.54424
-3.39327
-5.28596
-8.48506
0.307491
-0.843456
-6.05827
5.79213
2.29839
-3.7317
-0.299262
-10.7578
-3.17403
-10.2807
11.7183
4.3807
-2.86454
-0.829009
1.14572
7.99358
-14.5138
-8.53784
-3.13528
-2.16173
0.563768
3.82342
3.26313
-9.49954
-2.12691
2.73836
-9.56145
-12.508
-7.42719
-5.56856
-8.28944
-5.8954
-0.592042
-13.8254
-5.64794
-8.05791
-10.4023
-2.64427
-9.77231
-9.79781
-5.48424
-3.17556
3.57514
-6.3845
3.4492
-8.00168
-2.94621
-10.0868
-0.466498
-1.05079
-15.7547
0.746181
-2.21928
-3.08299
2.47034
3.40981
6.79566
-1.50319
-8.12125
-14.2333
5.71492
-3.4339
2.59145
-2.18188
4.84168
3.17378
-1.08605
0.680121
7.44869
8.56001
-15.6823
-8.81134
-2.54811
-3.1805
-3.51437
1.53082
3.95657
-0.974033
-6.98131
-4.03109
0.123359
3.48513
3.46904
-6.11978
-2.30367
-4.17485
-0.920411
-3.57891
1.20124
0.16694
-0.464153
-3.09624
-10.404
3.02313
-0.603253
-2.15623
-8.87118
1.08692
-1.5382
-9.28298
-0.245609
2.03644
-7.67602
-3.71184
-0.886338
0.364813
4.16194
1.87262
-5.31528
7.10292
-4.25267
6.11158
6.70355
2.28546
-0.251583
-7.1567
-4.17652
5.94742
-2.20388
5.72326
-6.56212
-1.31532
3.40454
0.522344
-4.48374
-1.68862
13.018
6.81285
-5.5742
1.16768
-6.3368
-5.11768
-5.00578
0.244687
-3.41608
-5.06948
0.861491
-4.65086
-1.53562
-9.92375
1.50596
-8.76843
-1.37018
-6.73513
1.94455
0.202382
2.48134
-2.95034
0.73274
-2.5699
-8.89981
-19.6177
-8.85149
5.80492
3.17093
-12.3939
-2.24826
-5.22291
1.25484
1.42255
5.55614
-4.1333
-3.37821
6.04833
-12.3568
-4.54804
-19.1075
-3.82195
-2.63131
-0.0175482
-5.16433
-9.09157
-5.34425
1.80808
1.86181
-1.98297
-10.7221
-7.52291
-0.389284
-1.70734
-3.93771
-16.6042
-4.72067
-5.8054
3.24642
6.27091
-3.06976
-6.01415
-2.9192
1.37584
6.5977
7.01626
-4.60762
-3.59068
1.51965
-2.63649
-7.14677
-5.55578
-1.9577
-4.10847
4.69136
-0.321045
1.32361
8.84453
-1.30307
0.419544
-5.71164
-1.42456
-7.6986
-5.06336
-8.22332
-0.391643
7.37747
-0.397932
-5.65833
-3.69044
-3.76555
-7.55089
-7.32843
0.403684
-15.6556
-0.00857498
6.27254
1.01511
-25.066
-7.37752
1.10204
2.03253
4.23905
8.13971
0.272869
-10.1744
1.34721
-2.27174
-1.92327
-1.79355
-0.990991
-3.052
-3.62803
-9.0974
6.62295
-1.51867
-9.94297
-1.18513
-4.17985
-5.15812
-3.86857
-3.56911
-11.6179
-2.3011
-2.89672
-0.869654
-7.39026
-1.88811
-3.69955
-2.61058
-5.63757
-4.12253
-1.90972
-0.422662
-1.68164
4.24926
-0.624104
-1.25812
-6.25561
3.03969
1.99527
-6.97722
-5.41557
-2.73965
10.4056
-11.0041
7.18334
3.1938
-9.17764
2.48378
-5.2962
1.08456
-3.61111
-3.94015
3.44236
-4.24721
-3.03917
0.374193
1.36348
1.26649
-7.84684
-0.599388
0.567267
-13.2989
-10.6502
-5.07654
-3.43312
-4.57383
-0.041164
-17.7508
7.22429
2.14996
-0.0635043
-21.1103
-2.16576
-6.83502
-7.73107
-1.75321
-7.39927
-2.16063
-1.58202
-1.78769
-1.23654
2.43207
-4.73632
-1.6438
-4.35715
-2.67578
-10.7823
-3.17556
2.39589
0.960262
-2.93458
4.40677
0.114668
0.783502
-7.57201
0.0783429
2.28722
-3.26561
-2.5326
0.877928
-4.61334
2.55342
5.86528
2.13627
-4.60279
4.63331
-7.52446
1.2923
-13.2091
-7.18879
-1.14368
-2.41614
-7.69294
-7.25077
-3.43351
-4.01185
-2.92745
-13.7289
-10.3955
2.6065
-4.34396
0.660156
1.01651
-8.24926
5.09623
-4.33546
-4.60103
-2.48465
-6.58207
-4.6323
5.66803
-6.134
-19.6506
1.8683
-5.58394
7.81197
0.31977
3.31073
-0.474309
-7.5548
-0.174445
6.67402
-7.84098
-8.23349
3.13333
-4.52887
-5.81182
-4.0627
1.23982
-0.396753
6.11002
0.360979
-4.71843
3.24569
2.34809
-5.41208
1.29913
-7.82175
3.42265
5.44383
4.91199
-17.0599
-4.88113
-9.20279
-3.20869
9.18102
6.86109
-1.225
0.481578
-7.36035
-2.12655
-5.53845
-0.85675
-3.357
4.97576
-1.23915
-0.272668
1.16625
-0.28895
-5.47064
-3.60089
-5.06101
8.94658
-3.3024
2.03867
-5.63032
0.461707
-2.90121
-13.3406
3.56026
5.72883
12.3714
-2.70249
-2.51968
10.7357
-6.81197
-3.97227
-8.97125
-5.11957
-4.17818
-3.14363
2.01137
4.97012
1.4792
8.80887
-3.30317
-2.9147
-0.974787
-2.38451
3.10938
1.55834
5.7386
4.99159
-4.29143
-5.5354
13.1598
5.41566
2.52433
0.615105
6.83206
-8.37109
-0.106415
-3.3097
-5.16147
-5.29816
-2.32754
2.55032
-3.09737
-5.99472
-5.79739
-7.9471
-0.402646
5.37508
0.982516
-3.87502
-0.988354
-2.87688
-4.76414
6.35179
-0.831672
-4.25898
4.42327
-17.2184
-2.73667
-1.74551
-0.906412
-1.20004
-6.19818
2.08639
-1.97528
-2.68765
-5.0789
4.98254
-14.0122
5.17287
8.57315
2.94733
1.95663
2.66273
5.37382
5.27439
3.78606
-5.02071
-1.83791
-3.47349
2.037
-1.46445
0.945006
-7.72374
2.05434
-1.74697
0.179432
-5.84294
-9.4865
-11.0779
7.31445
3.97906
-4.69881
-0.838515
-3.57734
-1.16796
-9.81348
1.97481
8.5112
3.80844
4.39226
6.73709
-11.9581
1.21327
-11.0655
-4.12957
8.4189
5.21362
7.45102
-5.80433
0.125843
6.86304
0.907249
-1.74697
-3.53272
1.85102
-10.307
-21.904
-1.38646
-5.9451
-2.19178
3.30263
2.75649
-6.15682
-12.5996
1.02585
-1.56656
-2.90271
-5.88943
4.92532
2.77664
7.97168
-0.523791
0.821932
-15.8102
-1.57245
2.01582
6.31193
9.67238
-6.50586
2.04818
-4.87701
-2.60688
2.84427
-6.69014
-1.00342
3.55324
-0.471966
-0.506281
-19.5212
-0.584305
-3.39018
-8.01829
0.248887
-1.27931
-5.71427
2.7068
-6.79166
-3.60246
-1.01245
-1.50024
-5.35657
1.46461
0.348211
6.50381
-5.46612
-8.16739
2.34987
-2.24349
-1.40237
-1.6199
-5.75064
-8.54587
-1.74367
3.40153
-5.10441
0.442749
-4.35289
0.395125
-2.95898
-2.8145
5.64618
5.08342
3.33509
4.16285
-10.7315
2.25327
-5.6469
-8.18473
3.82342
-6.04259
-4.76279
-1.30938
-1.68972
2.79558
-9.78504
-13.9657
-4.52017
-5.81824
-6.19414
-2.37863
-4.1711
-3.70629
-9.36878
-15.7456
2.44843
-1.29862
-2.02765
1.22726
-1.02185
-1.97931
-2.36649
3.12345
7.3684
-7.29089
1.5466
-0.782155
1.86019
-3.46571
-14.0331
0.781699
-0.732091
-11.8068
2.42179
0.209906
1.38426
-4.92518
0.242168
-3.20984
-2.25523
3.33435
-3.70748
-13.0597
0.897614
-3.69479
-4.22456
-10.4916
2.19241
3.65436
2.86084
0.522344
-1.61292
-8.35004
-0.780629
-0.455554
-10.3602
0.139106
-4.64643
9.50431
8.22124
-5.19211
5.72605
3.89156
4.3272
-1.91009
-2.2655
-5.81396
-5.73743
-2.34114
-0.675705
-10.4466
-7.81342
-5.98918
12.6652
-4.26529
-2.28422
-0.989861
-10.4484
-6.55529
4.82431
1.50799
-0.796265
2.66209
-0.825586
-2.36025
-6.68184
6.1951
8.82665
-1.97711
-0.196486
-0.172438
9.51317
-1.2637
2.78774
-5.47517
-10.6411
5.39658
-0.548264
-3.06144
-2.00787
8.06582
-2.17162
-3.75838
-3.48165
-7.91624
2.45269
-2.81301
-0.813026
-5.62877
5.10792
0.984374
-4.04052
3.80594
-7.27699
-4.45395
-2.18958
0.667248
-9.27439
-3.72813
-5.6076
-4.41397
-10.0285
-7.48743
-2.33526
-1.06617
-7.86534
3.29016
-6.44661
-5.48323
-0.680316
-3.34815
-2.79698
-2.53703
-2.39186
-9.28052
-7.08276
-8.84822
-0.97441
-3.88551
-3.41337
0.0323216
-10.1586
-2.47101
-9.42076
-2.14414
3.61139
-5.67709
-6.41998
-8.61996
1.24176
3.69294
-7.4905
-2.98228
2.52742
4.22332
-3.41531
1.21231
1.10488
-6.58645
-6.8456
-9.60962
3.20743
-6.3588
-6.98677
2.02361
-5.41956
-3.07619
-7.13121
-4.90863
-9.04411
7.25261
-3.04407
-3.19992
-6.24919
-1.60887
4.59544
-1.4094
-6.6109
-1.02937
9.11782
-9.61097
-7.87294
3.32474
1.87262
2.42965
-5.94784
-5.42754
5.91492
-0.0159173
-7.56652
-9.4865
-0.078504
0.51452
1.78407
1.42804
-8.97463
11.2885
-12.3722
6.14443
3.26095
-2.23799
-7.43098
-10.5389
-1.46039
-8.02355
-1.49028
-1.85843
-3.81313
-0.0513251
-1.65482
-5.0676
-3.13073
-5.81022
0.518431
-8.28944
-11.5718
-7.6106
-1.0883
-2.61391
-0.54904
-9.58411
-4.4084
2.49726
-8.84386
-11.4908
3.48666
6.65386
5.2269
-6.00803
-0.991368
-0.0448233
-1.83131
-6.6475
-0.863204
-3.8948
5.21241
-0.213286
3.50436
-3.57734
1.60502
-9.87253
-3.17251
-9.12787
-4.34141
-4.81242
-2.15293
2.80541
-1.32942
0.157791
-4.90725
0.0750479
-5.78567
4.46829
1.88888
-9.41566
0.561582
0.332068
-0.851814
-1.82728
-0.525346
1.71322
-6.4899
8.68711
-6.54226
-2.19985
-4.1736
-2.69062
6.95772
8.10255
-2.65835
-2.11079
-5.15383
0.45093
-4.34141
1.34031
2.43994
-6.96633
-11.6474
-0.414424
1.54864
-3.44049
0.632297
7.27897
2.18263
-6.32732
-0.551756
6.24653
-2.19178
3.76053
-1.92107
-7.8544
-2.54072
-6.80279
-0.231255
0.423836
0.188605
-6.46486
-5.29035
3.38201
-3.83679
-5.67187
-8.18198
-0.0760732
0.7993
-8.48111
2.25444
4.12845
-4.463
5.05563
-2.82495
-1.85476
4.06588
3.71724
-4.59795
-4.7046
0.59005
-6.55529
-3.26446
4.3291
-5.70901
-2.01886
-7.03002
-3.88753
7.50965
-13.4823
-4.41097
-12.3908
-0.76001
0.73677
-4.4277
-14.9184
-8.60155
0.916438
-5.83165
-10.476
2.5497
-1.73743
-2.58469
-17.3238
-2.40658
1.33786
-4.87656
4.57007
4.72284
-3.20069
-1.96796
-1.54262
-1.38239
-5.47366
-5.50849
2.72867
-2.11739
-8.06677
-7.48282
0.00408372
7.08624
-7.7902
-10.4142
-0.660707
-3.8847
-6.90354
-2.31946
-5.47668
-2.46548
5.19918
-0.215284
-4.66547
-13.3574
2.76038
3.44844
-1.45633
-5.19115
-10.9398
0.785306
-0.590495
-0.728263
4.41647
2.46059
-2.16796
-5.28742
4.68093
1.98255
-10.7521
-0.450078
6.0914
-9.67626
-2.63205
-1.5382
-2.8242
-4.62436
-2.5112
-9.32749
-4.80699
1.32067
1.60296
10.0647
-3.05918
2.30487
-3.65366
-1.25403
-1.20824
0.110119
2.94868
5.25971
-4.17902
-2.92332
4.29602
-1.48733
5.62582
1.38575
2.55653
11.1955
3.44996
-5.5004
-5.02866
1.48575
2.62475
-0.644922
14.8943
-8.74715
-11.5358
7.49784
-16.7025
1.24176
-2.31653
-6.57271
1.19403
-2.11482
9.81073
-0.0890305
0.384438
-2.50862
5.40166
-1.43232
-7.71968
8.87335
-5.02398
-0.755807
-3.69162
-10.387
1.00065
3.82676
-7.57044
-5.60347
7.35031
-4.68368
-0.914737
2.26495
-4.55372
-2.71252
-1.96026
-4.71129
-5.94729
-1.72643
-8.60666
-9.431
2.15282
2.60901
-5.96214
-8.79519
-1.45226
0.0102151
-9.41693
-1.88188
1.2733
-6.24978
-1.20899
-5.6651
0.695688
11.2339
-9.57476
-4.98949
-6.23872
1.3917
5.78079
0.985303
-6.21435
-6.30959
-1.53967
-2.6165
-1.50319
-4.87016
-9.76104
-10.1744
-3.69202
10.6196
9.7194
-0.986471
9.22522
1.84402
-7.88139
-6.48501
-6.41033
2.95343
1.38426
-4.54804
-1.37277
-3.92636
-6.11694
1.53133
-0.140286
3.15386
-2.30331
-9.30888
3.60428
-14.7422
-0.621017
-1.82251
1.09259
0.800204
-11.5718
-6.90421
-3.41453
3.65756
0.607184
-0.261136
-9.9608
3.96434
-4.51105
-1.30938
-3.48866
-6.3857
-3.97145
-2.85893
-7.40304
0.936699
-3.84523
-6.36119
-2.06427
1.43854
-23.9164
6.88646
-5.51356
9.65841
-2.96649
-6.69718
6.46905
-4.61599
-2.05658
4.49794
4.34527
-6.69014
-2.90084
-6.12262
-4.28088
12.327
-4.24469
-1.59489
-10.8495
-4.996
-7.86366
-9.67215
-12.0378
-6.14254
-0.398325
1.86127
2.20973
-3.25872
4.57715
-4.21702
-3.28055
-5.60039
2.72094
-2.79064
1.74271
0.736322
-6.70808
-15.5255
-4.73901
-4.90633
2.0943
-2.35841
-7.60428
-3.27365
-2.78803
-0.789402
-2.1086
-2.51194
1.14763
-1.66254
-6.1677
1.28449
4.98141
10.0541
-0.4105
-14.9045
0.0253564
-2.22772
0.816946
-2.58986
3.04315
-0.454772
0.948239
-0.93062
-2.49681
-7.33732
1.04552
4.90866
-3.22281
2.97654
-3.12086
0.0339612
-0.249592
-8.33005
-8.99386
1.34327
-5.94016
-6.72416
0.604545
-8.37301
0.394269
0.451791
-1.32014
-2.65057
-1.58496
5.51131
-1.92034
3.19308
-14.2783
-11.8643
-0.837755
-13.1061
-12.508
2.23523
-0.480163
0.340561
-1.13135
-4.6739
0.94593
7.4371
-6.62916
0.356721
-2.2655
-6.1832
-10.11
8.09687
-1.51646
-7.31367
-4.42598
-1.81995
-2.99244
2.38809
2.17918
-3.4529
-4.29058
-14.211
-4.95379
-4.32486
0.0429844
7.90417
-6.62222
-5.38277
-4.61995
1.81717
0.720666
-3.92474
3.73923
-3.06825
1.36101
-3.65919
-1.60446
1.89269
10.1506
-3.73608
-4.21367
-0.112875
15.4897
-2.21305
-2.86604
-18.7931
0.272026
-16.474
1.25532
-2.28202
-0.602094
-5.74536
2.92437
-0.137065
2.2978
-3.80632
1.3922
-0.214085
-1.59747
-6.46242
2.8304
5.27561
-1.36425
-1.79135
5.06371
0.345235
-2.02948
-7.44312
-9.24023
3.05354
0.639362
-2.6476
-2.88175
2.67036
-4.70549
-3.55618
3.17949
-4.68634
0.445331
2.34987
-2.42829
-11.9256
-1.08979
-7.64637
-0.455554
-9.90757
-5.61533
-13.7527
-8.81998
-6.02027
-3.40873
-5.90737
-3.38825
-6.87414
-0.567653
-3.57695
3.19595
-2.49903
-6.13798
0.120047
-2.44007
-8.01829
-0.260738
-4.28594
5.65027
-1.36388
0.370781
-0.292124
-10.578
-2.02765
-8.11586
3.48743
15.1632
-2.54921
-11.9229
-4.49456
-3.87381
-1.79209
-11.6846
-9.61231
-0.230856
-20.5268
5.9267
8.73179
-4.78035
1.75805
-3.48944
1.1172
-2.76532
0.700587
-6.76363
-4.70148
5.36627
-7.76957
-2.17969
-7.78771
-0.528456
0.507573
3.23121
-1.28822
-2.57064
-0.123768
-7.8958
4.11855
-2.8608
0.999257
-5.2529
-5.93195
2.72932
1.87208
-7.63521
-10.3938
-12.5339
-3.11063
-4.69391
-3.43583
-15.2963
-1.41531
0.76774
-5.60244
-9.07646
-2.52411
-0.601708
-0.600935
3.33509
5.26215
-3.9292
2.25269
7.26357
-7.06604
-3.97308
0.489367
-0.673399
-4.44017
-4.56333
-3.43196
-1.98846
4.39033
-3.32045
-0.577337
-11.1984
-6.52125
2.60461
-4.6063
-1.63939
2.93179
-2.37899
-0.201289
-5.90901
2.13115
5.0974
-5.40412
3.64158
1.1229
-0.105607
-1.47035
2.62916
-9.7372
1.00811
-9.91933
-11.2592
3.32105
-0.439511
4.37686
-5.39716
-1.37351
-0.39636
-0.272668
-0.657244
-19.8914
-1.72569
-1.35388
-7.66879
-1.35314
2.62412
4.33956
-9.24144
1.03661
-3.30893
-5.37139
0.37846
-3.46377
0.0684616
6.81285
-1.93646
-0.348311
-4.42212
-5.19403
-1.52715
0.464296
-1.22426
-3.12579
-0.193683
1.33933
-9.16216
-4.91552
-5.54762
-18.2689
-1.83461
0.865596
2.33087
-7.24207
-0.493424
-3.94015
-3.46571
-4.87244
-5.18875
1.03614
-4.87199
-1.17244
4.28193
6.63383
-3.32545
0.236712
-9.83353
-4.44748
-3.46377
-5.31626
-1.86393
-5.94016
3.73352
-2.81748
-6.81789
-8.47815
-6.47217
2.94868
13.189
-5.37188
