1.2508
1.23816
1.22554
1.21289
1.20025
1.18762
1.17499
1.16234
1.14969
1.13705
1.12443
1.11178
1.09914
1.0865
1.07388
1.06126
1.04865
1.03602
1.0234
1.01078
0.998126
0.985494
0.972877
0.960265
0.947653
0.935024
0.922389
0.909751
0.897113
0.884474
0.871854
0.859213
0.846581
0.833953
0.821339
0.8087
0.796053
0.783406
0.770771
0.758145
0.745494
0.73285
0.720196
0.707543
0.694907
0.682289
0.669656
0.657034
0.644384
0.631763
0.619116
0.606467
0.593811
0.581154
0.568515
0.555886
0.543262
0.530637
0.517988
0.505375
0.492746
0.48013
0.467488
0.454874
0.442262
0.429609
0.416985
0.404361
0.391723
0.37908
0.366431
0.353787
0.341153
0.328532
0.315887
0.303255
0.290622
0.277968
0.265323
0.252707
0.240068
0.227439
0.214794
0.202155
0.189518
0.17689
0.164271
0.151649
0.139018
0.126371
0.113736
0.10108
0.0884347
0.0758073
0.063188
0.0505468
0.0379129
0.0252984
0.0126553
2.08512e-05
