Initial vector:
1.1
1.123456789011234
1.123456789011
1.12345678901123
1.12345678901
1.123456789
1.123456789
1.12345678
1.123456
1.1234567812
1.1234567890143
1.34555
1.3354534343
3.37688
1.1
1.123456789011234
1.123456789011
1.12345678901123
1.1234567890661
1.12345678944
1.12345644789
1.1234445678
1.12333456
1.123456447812
1.123456789033143
1.34555
1.335453433343
3.345768833
1.33545343334333
3.34576883355
Final vector:
1.1
1.1
1.34555
3.37688
1.34555
1.123456
1.12345678
1.12333456
1.123456789
1.123456789
3.345768833
1.1234567812
1.3354534343
1.1234445678
1.12345678901
1.12345678944
1.12345644789
3.34576883355
1.123456789011
1.123456789011
1.123456447812
1.335453433343
1.1234567890143
1.1234567890661
1.12345678901123
1.12345678901123
1.33545343334333
1.123456789011234
1.123456789011234
1.123456789033143